{
  "description": "calming1: official head/body + arm clip calm_down",
  "time": [
    0.0,
    0.009991645812988281,
    0.020019054412841797,
    0.030345678329467773,
    0.04041099548339844,
    0.050641536712646484,
    0.06036233901977539,
    0.07043242454528809,
    0.08047175407409668,
    0.09058570861816406,
    0.10048341751098633,
    0.11047744750976562,
    0.12053728103637695,
    0.13062310218811035,
    0.1406383514404297,
    0.15082526206970215,
    0.16079139709472656,
    0.17085480690002441,
    0.18093514442443848,
    0.19097471237182617,
    0.2010352611541748,
    0.21111679077148438,
    0.22117042541503906,
    0.2312016487121582,
    0.24127435684204102,
    0.2512977123260498,
    0.2624702453613281,
    0.2716703414916992,
    0.28202033042907715,
    0.29207515716552734,
    0.3019134998321533,
    0.3118171691894531,
    0.32190752029418945,
    0.33185791969299316,
    0.34193944931030273,
    0.35199594497680664,
    0.3621199131011963,
    0.37222933769226074,
    0.3821721076965332,
    0.3922605514526367,
    0.4022409915924072,
    0.41233110427856445,
    0.42241501808166504,
    0.4324831962585449,
    0.442507266998291,
    0.45256733894348145,
    0.4626791477203369,
    0.4726145267486572,
    0.4826924800872803,
    0.4928765296936035,
    0.5027992725372314,
    0.5128998756408691,
    0.5229370594024658,
    0.5330758094787598,
    0.5431897640228271,
    0.5531411170959473,
    0.5634276866912842,
    0.5733401775360107,
    0.5833845138549805,
    0.59342360496521,
    0.603548526763916,
    0.6136746406555176,
    0.6237516403198242,
    0.6336824893951416,
    0.6437199115753174,
    0.6537632942199707,
    0.6639251708984375,
    0.673835277557373,
    0.684011697769165,
    0.6940863132476807,
    0.704085111618042,
    0.7142612934112549,
    0.7242505550384521,
    0.7342994213104248,
    0.7443630695343018,
    0.7545318603515625,
    0.764535665512085,
    0.7745227813720703,
    0.7846217155456543,
    0.7946310043334961,
    0.8046331405639648,
    0.8148555755615234,
    0.8247675895690918,
    0.834843635559082,
    0.8449275493621826,
    0.855003833770752,
    0.8650691509246826,
    0.8750877380371094,
    0.8852651119232178,
    0.8953454494476318,
    0.9053027629852295,
    0.9154014587402344,
    0.9254651069641113,
    0.9354753494262695,
    0.945612907409668,
    0.9556903839111328,
    0.9656829833984375,
    0.975757360458374,
    0.9858293533325195,
    0.9959020614624023,
    1.0059139728546143,
    1.0161283016204834,
    1.026113748550415,
    1.036111831665039,
    1.0461907386779785,
    1.0562915802001953,
    1.0666265487670898,
    1.0764951705932617,
    1.0865240097045898,
    1.0968711376190186,
    1.1065599918365479,
    1.1166260242462158,
    1.126741886138916,
    1.1366584300994873,
    1.1468417644500732,
    1.1568670272827148,
    1.1669280529022217,
    1.1769635677337646,
    1.187086582183838,
    1.1972072124481201,
    1.2072339057922363,
    1.2172794342041016,
    1.2273693084716797,
    1.237414836883545,
    1.2474701404571533,
    1.257472276687622,
    1.2677080631256104,
    1.277764081954956,
    1.2877516746520996,
    1.2978253364562988,
    1.3077552318572998,
    1.3179352283477783,
    1.3279590606689453,
    1.3379993438720703,
    1.3481025695800781,
    1.3581693172454834,
    1.3682472705841064,
    1.3782780170440674,
    1.3883094787597656,
    1.3984401226043701,
    1.408419132232666,
    1.4185230731964111,
    1.4286401271820068,
    1.4386308193206787,
    1.4486956596374512,
    1.458723545074463,
    1.4687702655792236,
    1.4788060188293457,
    1.4888553619384766,
    1.4991068840026855,
    1.5091893672943115,
    1.5193297863006592,
    1.5292079448699951,
    1.5392875671386719,
    1.549304485321045,
    1.5593845844268799,
    1.5695197582244873,
    1.579477310180664,
    1.5895442962646484,
    1.5995991230010986,
    1.6096720695495605,
    1.6196589469909668,
    1.6297812461853027,
    1.639819622039795,
    1.6499383449554443,
    1.660245418548584,
    1.6699929237365723,
    1.6800880432128906,
    1.6902472972869873,
    1.7002463340759277,
    1.710742473602295,
    1.72048020362854,
    1.7304983139038086,
    1.7405190467834473,
    1.7505688667297363,
    1.760629653930664,
    1.7706713676452637,
    1.7806775569915771,
    1.7908480167388916,
    1.8008930683135986,
    1.8109121322631836,
    1.8209123611450195,
    1.83115816116333,
    1.8410027027130127,
    1.8511908054351807,
    1.8612840175628662,
    1.8712925910949707,
    1.8813502788543701,
    1.891495943069458,
    1.9014759063720703,
    1.911639928817749,
    1.9215655326843262,
    1.9316744804382324,
    1.941699743270874,
    1.9517085552215576,
    1.9618020057678223,
    1.9718046188354492,
    1.9819176197052002,
    1.9919681549072266,
    2.002042055130005,
    2.0120654106140137,
    2.022296667098999,
    2.0322747230529785,
    2.042301654815674,
    2.052340269088745,
    2.0624659061431885,
    2.0725111961364746,
    2.0826871395111084,
    2.0928518772125244,
    2.1027047634124756,
    2.1127655506134033,
    2.1228668689727783,
    2.1329345703125,
    2.1430115699768066,
    2.1529958248138428,
    2.163174629211426,
    2.173217535018921,
    2.1832780838012695,
    2.193321704864502,
    2.203531265258789,
    2.213428497314453,
    2.223606824874878,
    2.2336349487304688,
    2.243799924850464,
    2.253697633743286,
    2.26385498046875,
    2.273918390274048,
    2.283925771713257,
    2.2940189838409424,
    2.30405855178833,
    2.3142025470733643,
    2.3247549533843994,
    2.334388017654419,
    2.344489097595215,
    2.3545072078704834,
    2.3645591735839844,
    2.3745479583740234,
    2.384587287902832,
    2.394631862640381,
    2.4046518802642822,
    2.4147934913635254,
    2.424819231033325,
    2.434929847717285,
    2.4449472427368164,
    2.45501446723938,
    2.465120553970337,
    2.4750635623931885,
    2.4851598739624023,
    2.495302438735962,
    2.5052731037139893,
    2.5154035091400146,
    2.525463342666626,
    2.535473108291626,
    2.545515775680542,
    2.555577516555786,
    2.565840482711792,
    2.575775623321533,
    2.585731267929077,
    2.5958125591278076,
    2.605851650238037,
    2.6159541606903076,
    2.6260976791381836,
    2.636089563369751,
    2.646146059036255,
    2.656235933303833,
    2.6662702560424805,
    2.6763739585876465,
    2.6863720417022705,
    2.696481704711914,
    2.7064778804779053,
    2.7167768478393555,
    2.7266480922698975,
    2.736747980117798,
    2.746755361557007,
    2.7568860054016113,
    2.7669506072998047,
    2.7770183086395264,
    2.7870283126831055,
    2.7971608638763428,
    2.807201385498047,
    2.8172767162323,
    2.827363967895508,
    2.8374102115631104,
    2.8474128246307373,
    2.8576207160949707,
    2.867565870285034,
    2.87760853767395,
    2.8876144886016846,
    2.897878408432007,
    2.9077534675598145,
    2.9179117679595947,
    2.927920341491699,
    2.9379360675811768,
    2.9480414390563965,
    2.9580976963043213,
    2.9681806564331055,
    2.978250026702881,
    2.9883110523223877,
    2.998412847518921,
    3.008415460586548,
    3.0184359550476074,
    3.028578996658325,
    3.0385916233062744,
    3.0486488342285156,
    3.058767080307007,
    3.068904161453247,
    3.0788087844848633,
    3.0888686180114746,
    3.0989654064178467,
    3.108999490737915,
    3.1191351413726807,
    3.1292707920074463,
    3.1392128467559814,
    3.149287462234497,
    3.159395217895508,
    3.1694300174713135,
    3.179469585418701,
    3.189659595489502,
    3.199657440185547,
    3.2096595764160156,
    3.219665765762329,
    3.229776620864868,
    3.239731550216675,
    3.249891519546509,
    3.2600209712982178,
    3.2700653076171875,
    3.280062675476074,
    3.290126085281372,
    3.300384521484375,
    3.310248851776123,
    3.3203256130218506,
    3.33040452003479,
    3.340411901473999,
    3.3505568504333496,
    3.360591411590576,
    3.370636463165283,
    3.3806803226470947,
    3.390852928161621,
    3.4007697105407715,
    3.410954475402832,
    3.421086072921753,
    3.4310455322265625,
    3.441012382507324,
    3.451092481613159,
    3.461191415786743,
    3.471287727355957,
    3.4813544750213623,
    3.4913806915283203,
    3.501478672027588,
    3.511535882949829,
    3.5215423107147217,
    3.5318546295166016,
    3.541696310043335,
    3.5523648262023926,
    3.561896800994873,
    3.5719754695892334,
    3.5819907188415527,
    3.592039108276367,
    3.60224986076355,
    3.6122078895568848,
    3.6222798824310303,
    3.63226318359375,
    3.642308473587036,
    3.652386426925659,
    3.662492036819458,
    3.672513246536255,
    3.68257737159729,
    3.6926705837249756,
    3.7026238441467285,
    3.712759494781494,
    3.7227914333343506,
    3.7328948974609375,
    3.7429165840148926,
    3.75295090675354,
    3.763115167617798,
    3.7731409072875977,
    3.7831814289093018,
    3.7932724952697754,
    3.8032915592193604,
    3.813408136367798,
    3.823545455932617,
    3.833487033843994,
    3.843534469604492,
    3.853567361831665,
    3.8637399673461914,
    3.8736393451690674,
    3.8838133811950684,
    3.8939576148986816,
    3.9038662910461426,
    3.913933515548706,
    3.924018621444702,
    3.9340622425079346,
    3.9441702365875244,
    3.9542386531829834,
    3.964357376098633,
    3.9742956161499023,
    3.9843997955322266,
    3.994476795196533,
    4.0044896602630615,
    4.0145909786224365,
    4.024656057357788,
    4.03467321395874,
    4.044715404510498,
    4.054771423339844,
    4.065184831619263,
    4.074907541275024,
    4.084956884384155,
    4.095107793807983,
    4.105116844177246,
    4.115138053894043,
    4.125276803970337,
    4.135259628295898,
    4.14534854888916,
    4.155318737030029,
    4.165556192398071,
    4.1755900382995605,
    4.185618162155151,
    4.195668935775757,
    4.2056896686553955,
    4.215896844863892,
    4.2259275913238525,
    4.235899448394775,
    4.245985269546509,
    4.256039142608643,
    4.266385316848755,
    4.276319742202759,
    4.286235094070435,
    4.297308683395386,
    4.30680775642395,
    4.316570520401001,
    4.327109336853027,
    4.336966037750244,
    4.346751928329468,
    4.35690975189209,
    4.366740703582764,
    4.376849412918091,
    4.386847257614136,
    4.396917819976807,
    4.406989574432373,
    4.4172303676605225,
    4.4271838665008545,
    4.437148571014404,
    4.447216272354126,
    4.457340955734253,
    4.4674952030181885,
    4.477398872375488,
    4.487437725067139,
    4.497673273086548,
    4.507585525512695,
    4.517652273178101,
    4.527730703353882,
    4.537755489349365,
    4.5478270053863525,
    4.557900428771973,
    4.56810450553894,
    4.578083753585815,
    4.588116645812988,
    4.59817361831665,
    4.60818076133728,
    4.618378639221191,
    4.628386735916138,
    4.6383984088897705,
    4.64847731590271,
    4.658545732498169,
    4.668587684631348,
    4.678577423095703,
    4.688683271408081,
    4.698785066604614,
    4.708731651306152,
    4.71886134147644,
    4.7289299964904785,
    4.738937616348267,
    4.749110221862793,
    4.759198904037476,
    4.769144535064697,
    4.779236078262329,
    4.789272308349609,
    4.799332857131958,
    4.809443473815918,
    4.819518327713013,
    4.829518795013428,
    4.839510679244995,
    4.849615573883057,
    4.859732389450073,
    4.869716167449951,
    4.879841089248657,
    4.8899359703063965,
    4.899941444396973,
    4.909976243972778,
    4.91998291015625,
    4.930077314376831,
    4.9401116371154785,
    4.950274229049683,
    4.9603142738342285,
    4.970303535461426,
    4.980479001998901,
    4.990490436553955,
    5.000535249710083,
    5.010539770126343,
    5.020559787750244,
    5.030690908432007,
    5.0406763553619385,
    5.050770282745361,
    5.060842514038086,
    5.07100248336792,
    5.081035375595093,
    5.091063976287842,
    5.101126670837402,
    5.111168622970581,
    5.121239185333252,
    5.131277561187744,
    5.141286134719849,
    5.151483535766602,
    5.161482334136963,
    5.171512842178345,
    5.181623935699463,
    5.191655397415161,
    5.201657056808472,
    5.21171498298645,
    5.22182822227478,
    5.231855392456055,
    5.241939306259155,
    5.252004861831665,
    5.262216567993164,
    5.2722508907318115,
    5.282424211502075,
    5.292402029037476,
    5.302433252334595,
    5.312443256378174,
    5.322509765625,
    5.332599878311157,
    5.342613935470581,
    5.352649450302124,
    5.362684965133667,
    5.37269926071167,
    5.38292121887207,
    5.392878770828247,
    5.402896165847778,
    5.413019418716431,
    5.423263072967529,
    5.433190584182739,
    5.443204402923584,
    5.453242301940918,
    5.463369846343994,
    5.4734251499176025,
    5.48339581489563,
    5.493581771850586,
    5.5036070346832275,
    5.513598442077637,
    5.523648500442505,
    5.533718824386597,
    5.5437657833099365,
    5.553821563720703,
    5.563978672027588,
    5.574062347412109,
    5.584140777587891,
    5.594139814376831,
    5.604113340377808,
    5.614363193511963,
    5.624375343322754,
    5.634347915649414,
    5.644395112991333,
    5.654442310333252,
    5.664576530456543,
    5.674553632736206,
    5.68459153175354,
    5.694733619689941,
    5.704701900482178,
    5.714800596237183,
    5.72490930557251,
    5.73490571975708,
    5.744945049285889,
    5.7550270557403564,
    5.765196084976196,
    5.775209426879883,
    5.785207748413086,
    5.795307397842407,
    5.805290937423706,
    5.815460205078125,
    5.825454950332642,
    5.835470914840698,
    5.8455235958099365,
    5.8556225299835205,
    5.8658058643341064,
    5.875741481781006,
    5.885886907577515,
    5.896017789840698,
    5.906045198440552,
    5.916061878204346,
    5.9261109828948975,
    5.936115503311157,
    5.946215629577637,
    5.9562742710113525,
    5.966322422027588,
    5.976442813873291,
    5.986478805541992,
    5.9965174198150635,
    6.006528615951538,
    6.0167601108551025,
    6.026692628860474,
    6.036702871322632,
    6.046803712844849,
    6.056879997253418,
    6.066950082778931
  ],
  "set_target_data": [
    {
      "head": [
        [
          0.999246430443123,
          0.01965541502180787,
          -0.03346992541070381,
          -0.021662952076679967
        ],
        [
          -0.01948438525643091,
          0.9997954241190591,
          0.005428502719017665,
          0.0005276489539303162
        ],
        [
          0.03356977774511718,
          -0.004772271043423029,
          0.9994249824029976,
          0.006177304191745392
        ],
        [
          0.0,
          0.0,
          0.0,
          1.0
        ]
      ],
      "body_yaw": -0.0,
      "check_collision": false,
      "left_arm": [
        0.04755340442445499,
        -1.4054466035418045e-08
      ],
      "right_arm": [
        0.010737884727313851,
        -0.08283492957531902
      ]
    },
    {
      "head": [
        [
          0.999247235222444,
          0.019832615386005493,
          -0.03334111976603352,
          -0.021618329206853873
        ],
        [
          -0.019662174115006783,
          0.9997919234196639,
          0.005432197886722886,
          0.0005580452381901274
        ],
        [
          0.033441916951236064,
          -0.00477254981746,
          0.999429267611704,
          0.006236345885580419
        ],
        [
          0.0,
          0.0,
          0.0,
          1.0
        ]
      ],
      "body_yaw": -0.0,
      "check_collision": false,
      "left_arm": [
        0.04755340442445499,
        -1.4054466035418045e-08
      ],
      "right_arm": [
        0.010737884727313851,
        -0.08283492957531902
      ]
    },
    {
      "head": [
        [
          0.999229819435694,
          0.019617833279966475,
          -0.03398394573780574,
          -0.021597937361115094
        ],
        [
          -0.01945882108938344,
          0.999798139223669,
          0.005003507439849661,
          0.0006410491819632226
        ],
        [
          0.03407524368690635,
          -0.00433836631564285,
          0.9994098540365657,
          0.006416722186471768
        ],
        [
          0.0,
          0.0,
          0.0,
          1.0
        ]
      ],
      "body_yaw": -0.0,
      "check_collision": false,
      "left_arm": [
        0.04755340442445499,
        -1.4054466035418045e-08
      ],
      "right_arm": [
        0.010737884727313851,
        -0.08283492957531902
      ]
    },
    {
      "head": [
        [
          0.9992214124346174,
          0.019580215344435284,
          -0.03425177512529843,
          -0.021547295101797932
        ],
        [
          -0.019427431955337304,
          0.9997998060504285,
          0.004787766613629696,
          0.0006778170611459983
        ],
        [
          0.034338663628470024,
          -0.00411861488748212,
          0.9994017676548405,
          0.0064770321233518224
        ],
        [
          0.0,
          0.0,
          0.0,
          1.0
        ]
      ],
      "body_yaw": -0.0,
      "check_collision": false,
      "left_arm": [
        0.04755340442445499,
        -1.4054466035418045e-08
      ],
      "right_arm": [
        0.010737884727313851,
        -0.08283492957531902
      ]
    },
    {
      "head": [
        [
          0.9992157660440543,
          0.0198752604953079,
          -0.034246560546091126,
          -0.021431438396239413
        ],
        [
          -0.019734199069739503,
          0.9997953490187146,
          0.004452130683413012,
          0.0007897409018560917
        ],
        [
          0.03432803921096171,
          -0.0037728107280843234,
          0.999403497904195,
          0.006364247898577258
        ],
        [
          0.0,
          0.0,
          0.0,
          1.0
        ]
      ],
      "body_yaw": -0.0,
      "check_collision": false,
      "left_arm": [
        0.04755340442445499,
        -1.4054466035418045e-08
      ],
      "right_arm": [
        0.010737884727313851,
        -0.08280976431871798
      ]
    },
    {
      "head": [
        [
          0.9992041958788059,
          0.02008529005864175,
          -0.03446093529562336,
          -0.02133744890475276
        ],
        [
          -0.019954406643353267,
          0.9997923286157087,
          0.004137788864917494,
          0.0007624429560012997
        ],
        [
          0.034536887435039826,
          -0.003446848479287008,
          0.9993974798056379,
          0.006175475140338893
        ],
        [
          0.0,
          0.0,
          0.0,
          1.0
        ]
      ],
      "body_yaw": -0.0,
      "check_collision": false,
      "left_arm": [
        0.04755340442445499,
        -1.4054466035418045e-08
      ],
      "right_arm": [
        0.010737884727313851,
        -0.08241402942520429
      ]
    },
    {
      "head": [
        [
          0.9991926801437915,
          0.020357992777977736,
          -0.034634377100201244,
          -0.021257720983239574
        ],
        [
          -0.020231325122715367,
          0.9997873087171443,
          0.004003849636153152,
          0.0007790739793406189
        ],
        [
          0.0347085210120818,
          -0.0032999179053037125,
          0.9993920297415687,
          0.006173994447005726
        ],
        [
          0.0,
          0.0,
          0.0,
          1.0
        ]
      ],
      "body_yaw": -0.0,
      "check_collision": false,
      "left_arm": [
        0.04755340442445499,
        -1.4054466035418045e-08
      ],
      "right_arm": [
        0.010737884727313851,
        -0.0820380121080675
      ]
    },
    {
      "head": [
        [
          0.9991943744155308,
          0.020426772768436123,
          -0.03454488515862189,
          -0.02109277195734769
        ],
        [
          -0.020301169789656764,
          0.9997859768921271,
          0.003982827516521745,
          0.0007310427549297085
        ],
        [
          0.03461884806759499,
          -0.003278317269806531,
          0.9993952111123762,
          0.0060555826906078525
        ],
        [
          0.0,
          0.0,
          0.0,
          1.0
        ]
      ],
      "body_yaw": -0.0,
      "check_collision": false,
      "left_arm": [
        0.04755340442445499,
        -1.4054466035418045e-08
      ],
      "right_arm": [
        0.010737884727313851,
        -0.08164848391656582
      ]
    },
    {
      "head": [
        [
          0.999189577291971,
          0.020597876023981207,
          -0.034582020392013954,
          -0.021020359840577825
        ],
        [
          -0.020475463234763916,
          0.9997827871185762,
          0.003890242503264677,
          0.0007427138549511332
        ],
        [
          0.0346546394645046,
          -0.003179006875279753,
          0.9993942914980417,
          0.006047748307104528
        ],
        [
          0.0,
          0.0,
          0.0,
          1.0
        ]
      ],
      "body_yaw": -0.0,
      "check_collision": false,
      "left_arm": [
        0.04755340442445499,
        -1.4054466035418045e-08
      ],
      "right_arm": [
        0.010697075806162696,
        -0.0813417577085848
      ]
    },
    {
      "head": [
        [
          0.9991805113910834,
          0.020828042381652583,
          -0.03470588288460918,
          -0.02095968899757107
        ],
        [
          -0.02070604680134331,
          0.9997781133203862,
          0.003870885091107291,
          0.0007649997814899883
        ],
        [
          0.034778805070224954,
          -0.003149091309578048,
          0.9993900729654114,
          0.006090945912541945
        ],
        [
          0.0,
          0.0,
          0.0,
          1.0
        ]
      ],
      "body_yaw": -0.0,
      "check_collision": false,
      "left_arm": [
        0.04755340442445499,
        -1.4054466035418045e-08
      ],
      "right_arm": [
        0.010305797438240888,
        -0.08173303607650649
      ]
    },
    {
      "head": [
        [
          0.9991783786661572,
          0.020906333597981448,
          -0.03472020768312575,
          -0.020921116390638324
        ],
        [
          -0.020785203965188306,
          0.9997765665953392,
          0.0038460607068702907,
          0.0007782407056194027
        ],
        [
          0.0347928570570885,
          -0.0031212341029348044,
          0.9993896712471466,
          0.006097476847129135
        ],
        [
          0.0,
          0.0,
          0.0,
          1.0
        ]
      ],
      "body_yaw": -0.0,
      "check_collision": false,
      "left_arm": [
        0.04755340442445499,
        -1.4054466035418045e-08
      ],
      "right_arm": [
        0.00992288496173383,
        -0.08211594855301345
      ]
    },
    {
      "head": [
        [
          0.9991692636362013,
          0.020980082500344267,
          -0.03493735455025111,
          -0.02089620948783957
        ],
        [
          -0.020864753877634947,
          0.9997755993397852,
          0.0036623776974501012,
          0.0006030549598751282
        ],
        [
          0.03500635157106381,
          -0.002930375923292205,
          0.9993827936514772,
          0.006186640778224617
        ],
        [
          0.0,
          0.0,
          0.0,
          1.0
        ]
      ],
      "body_yaw": -0.0,
      "check_collision": false,
      "left_arm": [
        0.04755340442445499,
        -1.4054466035418045e-08
      ],
      "right_arm": [
        0.009536246112424613,
        -0.08250258740232255
      ]
    },
    {
      "head": [
        [
          0.9991670620974016,
          0.020982915504920662,
          -0.03499856106414705,
          -0.02085844585375443
        ],
        [
          -0.02087525929726324,
          0.9997761745991915,
          0.003438641167535136,
          0.0006061207940703363
        ],
        [
          0.035062880214259275,
          -0.002705172955728089,
          0.9993814469312307,
          0.006186734271598937
        ],
        [
          0.0,
          0.0,
          0.0,
          1.0
        ]
      ],
      "body_yaw": -0.0,
      "check_collision": false,
      "left_arm": [
        0.04755340442445499,
        -1.4054466035418045e-08
      ],
      "right_arm": [
        0.009203903939428049,
        -0.08277810994174163
      ]
    },
    {
      "head": [
        [
          0.9991680487274864,
          0.021043542118186865,
          -0.034933933892812644,
          -0.020817450502630654
        ],
        [
          -0.020939900311983405,
          0.9997751903778659,
          0.0033300570304880305,
          0.0006089356420941132
        ],
        [
          0.03499615660371158,
          -0.0025957734920830583,
          0.9993840758101694,
          0.006182267600378599
        ],
        [
          0.0,
          0.0,
          0.0,
          1.0
        ]
      ],
      "body_yaw": -0.0,
      "check_collision": false,
      "left_arm": [
        0.04755340442445499,
        -1.4054466035418045e-08
      ],
      "right_arm": [
        0.009203903939428049,
        -0.08238807635886955
      ]
    },
    {
      "head": [
        [
          0.999183043432836,
          0.021156586482300337,
          -0.03443318987128036,
          -0.0208863085440658
        ],
        [
          -0.021045978514338752,
          0.999772129364591,
          0.003571573065876008,
          0.00073303668733104
        ],
        [
          0.03450090585287131,
          -0.0028439750715936224,
          0.9994006200223826,
          0.006279381986833366
        ],
        [
          0.0,
          0.0,
          0.0,
          1.0
        ]
      ],
      "body_yaw": -0.0,
      "check_collision": false,
      "left_arm": [
        0.04755340442445499,
        -1.4054466035418045e-08
      ],
      "right_arm": [
        0.009203903939428049,
        -0.0820007718954578
      ]
    },
    {
      "head": [
        [
          0.9991902436062561,
          0.021178682872038734,
          -0.03420994700194627,
          -0.02090227130988601
        ],
        [
          -0.02107297650568264,
          0.9997719959348547,
          0.003447579676777178,
          0.0008766085471108511
        ],
        [
          0.034275162191611974,
          -0.0027238825676583044,
          0.9994087220554442,
          0.006333229234110893
        ],
        [
          0.0,
          0.0,
          0.0,
          1.0
        ]
      ],
      "body_yaw": -0.0,
      "check_collision": false,
      "left_arm": [
        0.04755340442445499,
        -1.4054466035418045e-08
      ],
      "right_arm": [
        0.009203903939428049,
        -0.08160682903335877
      ]
    },
    {
      "head": [
        [
          0.9992053535967798,
          0.02112411213960682,
          -0.03379989984967408,
          -0.020858176924474777
        ],
        [
          -0.021021292751959686,
          0.9997732655500644,
          0.0033945165189083826,
          0.0009187485560244089
        ],
        [
          0.033863942395578946,
          -0.0026813014888390427,
          0.999422855465971,
          0.0063339840922868595
        ],
        [
          0.0,
          0.0,
          0.0,
          1.0
        ]
      ],
      "body_yaw": -0.0,
      "check_collision": false,
      "left_arm": [
        0.04755340442445499,
        -1.4054466035418045e-08
      ],
      "right_arm": [
        0.009203903939428049,
        -0.08138053453408643
      ]
    },
    {
      "head": [
        [
          0.9992280805134861,
          0.021044689074887313,
          -0.033171737595065844,
          -0.020756515768545557
        ],
        [
          -0.02095022149849934,
          0.9997754216599776,
          0.003192877037785035,
          0.0007683976842312022
        ],
        [
          0.0332314810458156,
          -0.002495457143674798,
          0.9994445664273462,
          0.006440530563282865
        ],
        [
          0.0,
          0.0,
          0.0,
          1.0
        ]
      ],
      "body_yaw": -0.0,
      "check_collision": false,
      "left_arm": [
        0.04755340442445499,
        -1.4054466035418045e-08
      ],
      "right_arm": [
        0.009203903939428049,
        -0.08176999920972704
      ]
    },
    {
      "head": [
        [
          0.9992437767738506,
          0.021025384016153656,
          -0.03270791656013107,
          -0.020740804689987555
        ],
        [
          -0.02093085618207135,
          0.9997757086336407,
          0.003229812004899818,
          0.0007919492741440982
        ],
        [
          0.032768488494538034,
          -0.002542764848510323,
          0.9994597343108469,
          0.006463025247744114
        ],
        [
          0.0,
          0.0,
          0.0,
          1.0
        ]
      ],
      "body_yaw": -0.0,
      "check_collision": false,
      "left_arm": [
        0.04755340442445499,
        -1.4054466035418045e-08
      ],
      "right_arm": [
        0.009203903939428049,
        -0.08216011900612318
      ]
    },
    {
      "head": [
        [
          0.999244723678173,
          0.02104280630299255,
          -0.032667759400160416,
          -0.02065349926821292
        ],
        [
          -0.020929952489341378,
          0.9997737504572697,
          0.0037927543288724655,
          0.000756769992934852
        ],
        [
          0.0327401785292314,
          -0.003106155099154768,
          0.9994590699525291,
          0.0063522599983626415
        ],
        [
          0.0,
          0.0,
          0.0,
          1.0
        ]
      ],
      "body_yaw": -0.0,
      "check_collision": false,
      "left_arm": [
        0.04755340442445499,
        -1.4054466035418045e-08
      ],
      "right_arm": [
        0.009203903939428049,
        -0.08254866097647429
      ]
    },
    {
      "head": [
        [
          0.9992434216091831,
          0.0210626146341788,
          -0.032694810529257795,
          -0.020647003427754357
        ],
        [
          -0.0209365040748255,
          0.999772007189775,
          0.00419481070525548,
          0.0007475977537673346
        ],
        [
          0.032775710028873584,
          -0.003507121968250864,
          0.9994565788105068,
          0.006375834053563123
        ],
        [
          0.0,
          0.0,
          0.0,
          1.0
        ]
      ],
      "body_yaw": -0.0,
      "check_collision": false,
      "left_arm": [
        0.04755340442445499,
        -1.4054466035418045e-08
      ],
      "right_arm": [
        0.009100910838822737,
        -0.08283492957531902
      ]
    },
    {
      "head": [
        [
          0.9992588133497907,
          0.020757988158018048,
          -0.03241804852855367,
          -0.02059842381341868
        ],
        [
          -0.020633287541979538,
          0.9997783876513848,
          0.004176485413274421,
          0.0007619036637972311
        ],
        [
          0.03249755972343262,
          -0.003504498941201814,
          0.9994656707957473,
          0.006319566619804151
        ],
        [
          0.0,
          0.0,
          0.0,
          1.0
        ]
      ],
      "body_yaw": -0.0,
      "check_collision": false,
      "left_arm": [
        0.04755340442445499,
        -1.4054466035418045e-08
      ],
      "right_arm": [
        0.00871109406844902,
        -0.08283492957531902
      ]
    },
    {
      "head": [
        [
          0.9992673478758659,
          0.020638907136270618,
          -0.032230466663600355,
          -0.020552005131469923
        ],
        [
          -0.02051743959014761,
          0.9997811090880816,
          0.004094946064355991,
          0.0007638797114366148
        ],
        [
          0.03230792691891109,
          -0.0034306592406910404,
          0.9994720748652143,
          0.006310482879263002
        ],
        [
          0.0,
          0.0,
          0.0,
          1.0
        ]
      ],
      "body_yaw": -0.0,
      "check_collision": false,
      "left_arm": [
        0.04755340442445499,
        -1.4054466035418045e-08
      ],
      "right_arm": [
        0.00832235589715615,
        -0.08283492957531902
      ]
    },
    {
      "head": [
        [
          0.9992766085549045,
          0.020651135154670784,
          -0.03193415431527335,
          -0.02055244962058006
        ],
        [
          -0.020534535197781256,
          0.9997812423655341,
          0.003974956382184022,
          0.0006293731811872756
        ],
        [
          0.03200925583669908,
          -0.0033163279169441634,
          0.9994820706295476,
          0.006322323508449634
        ],
        [
          0.0,
          0.0,
          0.0,
          1.0
        ]
      ],
      "body_yaw": -0.0,
      "check_collision": false,
      "left_arm": [
        0.04755340442445499,
        -1.4054466035418045e-08
      ],
      "right_arm": [
        0.007934484292646187,
        -0.08283492957531902
      ]
    },
    {
      "head": [
        [
          0.9992737814760333,
          0.02087491805743691,
          -0.03187706778680581,
          -0.020515928180144825
        ],
        [
          -0.020751862651012365,
          0.9997758923540403,
          0.004186318692659219,
          0.0006334068327250686
        ],
        [
          0.03195731295185558,
          -0.0035217699780485763,
          0.9994830300135762,
          0.0063268420350889865
        ],
        [
          0.0,
          0.0,
          0.0,
          1.0
        ]
      ],
      "body_yaw": -0.0,
      "check_collision": false,
      "left_arm": [
        0.04755340442445499,
        -1.4054466035418045e-08
      ],
      "right_arm": [
        0.00766992315154269,
        -0.08283492957531902
      ]
    },
    {
      "head": [
        [
          0.9992669369272372,
          0.02082504523157204,
          -0.0321232977005756,
          -0.020511813478303557
        ],
        [
          -0.020697861848597864,
          0.9997765863113213,
          0.004286721191952069,
          0.0005144740571152136
        ],
        [
          0.03220539207886133,
          -0.0036186951770151247,
          0.9994747209240775,
          0.00646283437793832
        ],
        [
          0.0,
          0.0,
          0.0,
          1.0
        ]
      ],
      "body_yaw": -0.0,
      "check_collision": false,
      "left_arm": [
        0.04755340442445499,
        -1.4054466035418045e-08
      ],
      "right_arm": [
        0.00766992315154269,
        -0.08283492957531902
      ]
    },
    {
      "head": [
        [
          0.9992542451067813,
          0.020959819137127217,
          -0.03242899347521452,
          -0.020499597812148482
        ],
        [
          -0.020824884423113456,
          0.9997730421899355,
          0.004493139108176855,
          0.0005048468825382814
        ],
        [
          0.03251580884493812,
          -0.003814458286621777,
          0.9994639423626742,
          0.006498217274748086
        ],
        [
          0.0,
          0.0,
          0.0,
          1.0
        ]
      ],
      "body_yaw": -0.0,
      "check_collision": false,
      "left_arm": [
        0.04755340442445499,
        -1.4054466035418045e-08
      ],
      "right_arm": [
        0.00766992315154269,
        -0.08283492957531902
      ]
    },
    {
      "head": [
        [
          0.9992414822335856,
          0.021005047583049878,
          -0.03279097680247942,
          -0.020462243962083
        ],
        [
          -0.02086291906291498,
          0.999771436090298,
          0.004670565931196747,
          0.0004383084366803066
        ],
        [
          0.03288158742824306,
          -0.003982907728934673,
          0.9994513183013076,
          0.006613569078841253
        ],
        [
          0.0,
          0.0,
          0.0,
          1.0
        ]
      ],
      "body_yaw": -0.0,
      "check_collision": false,
      "left_arm": [
        0.04755340442445499,
        -1.4054466035418045e-08
      ],
      "right_arm": [
        0.00766992315154269,
        -0.08283492957531902
      ]
    },
    {
      "head": [
        [
          0.9992297981593903,
          0.021136858479031462,
          -0.033061211169299456,
          -0.020434444885186805
        ],
        [
          -0.02098519642525365,
          0.9997676429754908,
          0.004927635358311491,
          0.00043121004271451076
        ],
        [
          0.0331576838958504,
          -0.004230044074044129,
          0.9994411812236845,
          0.006633887066500754
        ],
        [
          0.0,
          0.0,
          0.0,
          1.0
        ]
      ],
      "body_yaw": -0.0,
      "check_collision": false,
      "left_arm": [
        0.04755340442445499,
        -1.4054466035418045e-08
      ],
      "right_arm": [
        0.00766992315154269,
        -0.08283492957531902
      ]
    },
    {
      "head": [
        [
          0.9992279804327869,
          0.021011922497795103,
          -0.03319551525674366,
          -0.020395839130674373
        ],
        [
          -0.02084688275094725,
          0.9997685784079763,
          0.0053100948826289105,
          0.00042157992718106895
        ],
        [
          0.03329940839988464,
          -0.004613972371061148,
          0.999434770587444,
          0.006792779222158818
        ],
        [
          0.0,
          0.0,
          0.0,
          1.0
        ]
      ],
      "body_yaw": -0.0,
      "check_collision": false,
      "left_arm": [
        0.04755340442445499,
        -1.4054466035418045e-08
      ],
      "right_arm": [
        0.00766992315154269,
        -0.08283492957531902
      ]
    },
    {
      "head": [
        [
          0.9992279231015911,
          0.020829128365927353,
          -0.033312236574512814,
          -0.02038877529862837
        ],
        [
          -0.02066492157903814,
          0.9997725888482434,
          0.005266080498187072,
          0.00044297305289418094
        ],
        [
          0.03341434886710786,
          -0.0045736199226545865,
          0.999431119832973,
          0.006815562379801077
        ],
        [
          0.0,
          0.0,
          0.0,
          1.0
        ]
      ],
      "body_yaw": -0.0,
      "check_collision": false,
      "left_arm": [
        0.04755340442445499,
        -1.4054466035418045e-08
      ],
      "right_arm": [
        0.00766992315154269,
        -0.08283492957531902
      ]
    },
    {
      "head": [
        [
          0.9992296952247307,
          0.020633743660312866,
          -0.033380605202005864,
          -0.02033043888170212
        ],
        [
          -0.02047909149555439,
          0.999777936680531,
          0.004968313429812562,
          0.00033078289708110683
        ],
        [
          0.03347570749974367,
          -0.004280881846143686,
          0.9994303632860125,
          0.00689139752422574
        ],
        [
          0.0,
          0.0,
          0.0,
          1.0
        ]
      ],
      "body_yaw": -0.0,
      "check_collision": false,
      "left_arm": [
        0.04755340442445499,
        -1.4054466035418045e-08
      ],
      "right_arm": [
        0.00766992315154269,
        -0.08283492957531902
      ]
    },
    {
      "head": [
        [
          0.9992128813620638,
          0.0205877643703663,
          -0.03390813587256482,
          -0.0203679170590797
        ],
        [
          -0.020423064560213505,
          0.9997779228307392,
          0.00519648479472145,
          0.0003412344127256919
        ],
        [
          0.03400758965424325,
          -0.004499886496645889,
          0.9994114442347685,
