{
  "description": "enthusiastic1: official head/body + arm clip victory_lift",
  "time": [
    0.0,
    0.010226249694824219,
    0.020119428634643555,
    0.03019404411315918,
    0.04066729545593262,
    0.05027937889099121,
    0.06041979789733887,
    0.07037210464477539,
    0.08047938346862793,
    0.09050321578979492,
    0.1007845401763916,
    0.1106257438659668,
    0.1207270622253418,
    0.13087749481201172,
    0.14106988906860352,
    0.15106678009033203,
    0.16114115715026855,
    0.1710197925567627,
    0.18105745315551758,
    0.19112348556518555,
    0.2011888027191162,
    0.21130037307739258,
    0.22130274772644043,
    0.23140954971313477,
    0.24141192436218262,
    0.2515718936920166,
    0.26164817810058594,
    0.2718386650085449,
    0.2816884517669678,
    0.2918357849121094,
    0.30182933807373047,
    0.3118464946746826,
    0.3219025135040283,
    0.33204150199890137,
    0.34208011627197266,
    0.3520801067352295,
    0.36222195625305176,
    0.37223029136657715,
    0.3822929859161377,
    0.39235520362854004,
    0.40251636505126953,
    0.41252970695495605,
    0.42261242866516113,
    0.43260931968688965,
    0.442699670791626,
    0.4531264305114746,
    0.46291208267211914,
    0.47283267974853516,
    0.4829063415527344,
    0.49300312995910645,
    0.503035306930542,
    0.513120174407959,
    0.5231211185455322,
    0.533189058303833,
    0.5432326793670654,
    0.5533597469329834,
    0.5635530948638916,
    0.5734782218933105,
    0.5835087299346924,
    0.5935995578765869,
    0.6036155223846436,
    0.6137290000915527,
    0.623798131942749,
    0.6338334083557129,
    0.6438848972320557,
    0.6538963317871094,
    0.6640334129333496,
    0.6740140914916992,
    0.6840939521789551,
    0.6942026615142822,
    0.7042474746704102,
    0.7142586708068848,
    0.724334716796875,
    0.7344391345977783,
    0.7445068359375,
    0.7545461654663086,
    0.7646167278289795,
    0.7745764255523682,
    0.7846767902374268,
    0.7948603630065918,
    0.8048901557922363,
    0.8148572444915771,
    0.8249258995056152,
    0.8349645137786865,
    0.8450326919555664,
    0.8550620079040527,
    0.8652255535125732,
    0.8752171993255615,
    0.8853621482849121,
    0.8954246044158936,
    0.9055063724517822,
    0.9154434204101562,
    0.9255928993225098,
    0.9355576038360596,
    0.9456076622009277,
    0.9556231498718262,
    0.965801477432251,
    0.9759042263031006,
    0.9858431816101074,
    0.9960525035858154,
    1.0060172080993652,
    1.0160622596740723,
    1.0262107849121094,
    1.0362260341644287,
    1.0463011264801025,
    1.0565061569213867,
    1.0665597915649414,
    1.076622724533081,
    1.0867316722869873,
    1.096771240234375,
    1.1067657470703125,
    1.1168115139007568,
    1.1269266605377197,
    1.1369473934173584,
    1.1470050811767578,
    1.1570165157318115,
    1.1671319007873535,
    1.1771349906921387,
    1.1872167587280273,
    1.1973235607147217,
    1.20745849609375,
    1.21748685836792,
    1.2275805473327637,
    1.2376155853271484,
    1.2477154731750488,
    1.2577919960021973,
    1.2678141593933105,
    1.2778677940368652,
    1.2879128456115723,
    1.2980585098266602,
    1.3080012798309326,
    1.318070411682129,
    1.3282101154327393,
    1.3381471633911133,
    1.348531723022461,
    1.358306884765625,
    1.3683788776397705,
    1.378462791442871,
    1.3885276317596436,
    1.3986964225769043,
    1.4086675643920898,
    1.4186477661132812,
    1.4288389682769775,
    1.4387848377227783,
    1.448908805847168,
    1.4589309692382812,
    1.4689838886260986,
    1.4790630340576172,
    1.489103078842163,
    1.4993188381195068,
    1.5092401504516602,
    1.519432544708252,
    1.5294272899627686,
    1.5394492149353027,
    1.5494771003723145,
    1.55963134765625,
    1.5696449279785156,
    1.5796902179718018,
    1.5897948741912842,
    1.5999224185943604,
    1.609914779663086,
    1.6199910640716553,
    1.6300420761108398,
    1.6400673389434814,
    1.6501331329345703,
    1.660214900970459,
    1.6702468395233154,
    1.6803297996520996,
    1.690368413925171,
    1.7004280090332031,
    1.71046781539917,
    1.7205638885498047,
    1.7306127548217773,
    1.740638017654419,
    1.7507226467132568,
    1.7608215808868408,
    1.7708024978637695,
    1.7808852195739746,
    1.790945291519165,
    1.8010790348052979,
    1.8110942840576172,
    1.8210439682006836,
    1.831277847290039,
    1.8412683010101318,
    1.8513851165771484,
    1.8614964485168457,
    1.8714582920074463,
    1.8814425468444824,
    1.891615629196167,
    1.9015800952911377,
    1.9116432666778564,
    1.9217090606689453,
    1.9318130016326904,
    1.9418621063232422,
    1.9519004821777344,
    1.9620211124420166,
    1.9720633029937744,
    1.982107400894165,
    1.9922072887420654,
    2.0022881031036377,
    2.012336254119873,
    2.022610902786255,
    2.032512664794922,
    2.042487859725952,
    2.0526647567749023,
    2.062685012817383,
    2.0726728439331055,
    2.0827012062072754,
    2.092862129211426,
    2.1028659343719482,
    2.1129133701324463,
    2.122967481613159,
    2.133056402206421,
    2.1431233882904053,
    2.1531167030334473,
    2.163191080093384,
    2.173170804977417,
    2.1832618713378906,
    2.1934077739715576,
    2.2034225463867188,
    2.213637113571167,
    2.2236249446868896,
    2.2336738109588623,
    2.2437219619750977,
    2.253786325454712,
    2.2638461589813232,
    2.2738606929779053,
    2.2838988304138184,
    2.2940471172332764,
    2.3040621280670166,
    2.3141233921051025,
    2.324187994003296,
    2.334242105484009,
    2.344301223754883,
    2.354304313659668,
    2.3644938468933105,
    2.374476671218872,
    2.3845174312591553,
    2.3948187828063965,
    2.404662847518921,
    2.41469407081604,
    2.424797773361206,
    2.4348201751708984,
    2.444912910461426,
    2.454916477203369,
    2.4650301933288574,
    2.4750266075134277,
    2.485090494155884,
    2.495218515396118,
    2.505262851715088,
    2.515352964401245,
    2.5253775119781494,
    2.5354766845703125,
    2.5455381870269775,
    2.5555496215820312,
    2.5656747817993164,
    2.575747013092041,
    2.5857138633728027,
    2.5959019660949707,
    2.6058743000030518,
    2.615962266921997,
    2.626103162765503,
    2.6360621452331543,
    2.646116256713867,
    2.656174421310425,
    2.666232109069824,
    2.6763503551483154,
    2.6863417625427246,
    2.696514129638672,
    2.706483840942383,
    2.716529607772827,
    2.7266201972961426
  ],
  "set_target_data": [
    {
      "head": [
        [
          0.9971724650822386,
          -0.06924667145051323,
          -0.029188582953554216,
          -0.009064296698447128
        ],
        [
          0.06664209291008034,
          0.9943736086284077,
          -0.08234049985203303,
          -0.007070657741703843
        ],
        [
          0.03472616210260009,
          0.08016249095645113,
          0.9961767256412293,
          0.009221310018571016
        ],
        [
          0.0,
          0.0,
          0.0,
          1.0
        ]
      ],
      "body_yaw": 0.16185457398755818,
      "check_collision": false,
      "left_arm": [
        -0.03067961575771294,
        0.1441941800067843
      ],
      "right_arm": [
        -0.05062134678811203,
        -0.03221356357509286
      ]
    },
    {
      "head": [
        [
          0.9972027630511399,
          -0.06881877245867739,
          -0.029165491946018324,
          -0.0089224753795526
        ],
        [
          0.06622054713196009,
          0.9944096152935178,
          -0.0822457059629391,
          -0.00694600555576929
        ],
        [
          0.03466249415025306,
          0.08008429040129637,
          0.9961852327404803,
          0.009159838475932158
        ],
        [
          0.0,
          0.0,
          0.0,
          1.0
        ]
      ],
      "body_yaw": 0.16185457398755818,
      "check_collision": false,
      "left_arm": [
        -0.03067961575771294,
        0.14515228339100736
      ],
      "right_arm": [
        -0.05062134678811203,
        -0.03221356357509286
      ]
    },
    {
      "head": [
        [
          0.9971919340975067,
          -0.06888204641316278,
          -0.029385544963621554,
          -0.008799341115979763
        ],
        [
          0.06626934199654405,
          0.9944142416907541,
          -0.08215041225671334,
          -0.006894230365642775
        ],
        [
          0.03488009292159666,
          0.07997236775623041,
          0.996186628856884,
          0.00916973985808145
        ],
        [
          0.0,
          0.0,
          0.0,
          1.0
        ]
      ],
      "body_yaw": 0.16185457398755818,
      "check_collision": false,
      "left_arm": [
        -0.03067961575771294,
        0.1460800981838864
      ],
      "right_arm": [
        -0.05062134678811203,
        -0.03221356357509286
      ]
    },
    {
      "head": [
        [
          0.9972052198586223,
          -0.06864597741984114,
          -0.029486933899454927,
          -0.008489205141546056
        ],
        [
          0.06602580962285744,
          0.9944304321235546,
          -0.0821505211803684,
          -0.006706269880622725
        ],
        [
          0.03496200724160941,
          0.07997402985116252,
          0.9961836239363717,
          0.009118929783570096
        ],
        [
          0.0,
          0.0,
          0.0,
          1.0
        ]
      ],
      "body_yaw": 0.16185457398755818,
      "check_collision": false,
      "left_arm": [
        -0.03067961575771294,
        0.14702646070194864
      ],
      "right_arm": [
        -0.05062134678811203,
        -0.03221356357509286
      ]
    },
    {
      "head": [
        [
          0.9972096490128689,
          -0.06861839762637029,
          -0.02940121464872038,
          -0.008369135828738373
        ],
        [
          0.06600467821569816,
          0.9944306759896623,
          -0.08216454895139036,
          -0.0066407589094073976
        ],
        [
          0.03487546944878204,
          0.0799946633090772,
          0.9961850006262865,
          0.009147333552620651
        ],
        [
          0.0,
          0.0,
          0.0,
          1.0
        ]
      ],
      "body_yaw": 0.16185457398755818,
      "check_collision": false,
      "left_arm": [
        -0.03067961575771294,
        0.1472621415825559
      ],
      "right_arm": [
        -0.05062134678811203,
        -0.03221356357509286
      ]
    },
    {
      "head": [
        [
          0.997224803535207,
          -0.0684493210758992,
          -0.02928108021258597,
          -0.007981595017826922
        ],
        [
          0.06585037446250787,
          0.9944519865820866,
          -0.08203032711192056,
          -0.006496662311459192
        ],
        [
          0.034733548585120434,
          0.07987450674144823,
          0.9961996003690702,
          0.00906718943946988
        ],
        [
          0.0,
          0.0,
          0.0,
          1.0
        ]
      ],
      "body_yaw": 0.16185457398755818,
      "check_collision": false,
      "left_arm": [
        -0.03067961575771294,
        0.14714445498187567
      ],
      "right_arm": [
        -0.05062134678811203,
        -0.03221356357509286
      ]
    },
    {
      "head": [
        [
          0.997225831844736,
          -0.06847982568425148,
          -0.029174539856328827,
          -0.007850260041233906
        ],
        [
          0.06588614623222072,
          0.9944420990113216,
          -0.08212141893941491,
          -0.006456812800237193
        ],
        [
          0.034636051106331625,
          0.07997140231489627,
          0.9961952212169802,
          0.009063137758179796
        ],
        [
          0.0,
          0.0,
          0.0,
          1.0
        ]
      ],
      "body_yaw": 0.16185457398755818,
      "check_collision": false,
      "left_arm": [
        -0.03067961575771294,
        0.1461916430256172
      ],
      "right_arm": [
        -0.05062134678811203,
        -0.03221356357509286
      ]
    },
    {
      "head": [
        [
          0.9972626790208617,
          -0.0679644279798438,
          -0.029120191646118277,
          -0.007760317463693463
        ],
        [
          0.06537440259062975,
          0.9944707814136581,
          -0.08218304204899572,
          -0.0063927792529302795
        ],
        [
          0.034544703183734156,
          0.08005436555167596,
          0.9961917295571504,
          0.008916439125439823
        ],
        [
          0.0,
          0.0,
          0.0,
          1.0
        ]
      ],
      "body_yaw": 0.16185457398755818,
      "check_collision": false,
      "left_arm": [
        -0.03067961575771294,
        0.1457281607946701
      ],
      "right_arm": [
        -0.05062134678811203,
        -0.03221356357509286
      ]
    },
    {
      "head": [
        [
          0.9972720523779288,
          -0.06786078558391898,
          -0.029040787280079833,
          -0.007638667614946201
        ],
        [
          0.06527223065020263,
          0.9944650993869745,
          -0.0823328731868476,
          -0.006371897057697307
        ],
        [
          0.03446722286260123,
          0.0802127164556104,
          0.9961816755326065,
          0.008899518484383195
        ],
        [
          0.0,
          0.0,
          0.0,
          1.0
        ]
      ],
      "body_yaw": 0.16185457398755818,
      "check_collision": false,
      "left_arm": [
        -0.03067961575771294,
        0.1457281607946701
      ],
      "right_arm": [
        -0.05062134678811203,
        -0.03221356357509286
      ]
    },
    {
      "head": [
        [
          0.9972841909324188,
          -0.06770386251524764,
          -0.02899016241395493,
          -0.0072807949483262545
        ],
        [
          0.06510837598731077,
          0.9944483735170466,
          -0.08266396908929437,
          -0.006220487303876249
        ],
        [
          0.034425889858738755,
          0.08055196713809841,
          0.9961557301434435,
          0.008706838042090437
        ],
        [
          0.0,
          0.0,
          0.0,
          1.0
        ]
      ],
      "body_yaw": 0.16185457398755818,
      "check_collision": false,
      "left_arm": [
        -0.03067961575771294,
        0.1457281607946701
      ],
      "right_arm": [
        -0.05062134678811203,
        -0.03221356357509286
      ]
    },
    {
      "head": [
        [
          0.9972636077972507,
          -0.06792609957253441,
          -0.029177757968589214,
          -0.007133288249247837
        ],
        [
          0.0653025076938258,
          0.9944060611208236,
          -0.08301908271636446,
          -0.006195251240666443
        ],
        [
          0.03465370185289377,
          0.08088652918150763,
          0.9961207207687529,
          0.008690562000964686
        ],
        [
          0.0,
          0.0,
          0.0,
          1.0
        ]
      ],
      "body_yaw": 0.16185457398755818,
      "check_collision": false,
      "left_arm": [
        -0.03067961575771294,
        0.1457281607946701
      ],
      "right_arm": [
        -0.05062134678811203,
        -0.03221356357509286
      ]
    },
    {
      "head": [
        [
          0.9972716034832988,
          -0.06765708673140683,
          -0.029527402541853428,
          -0.007169835890913058
        ],
        [
          0.06500771311817874,
          0.9944295529617525,
          -0.08296903899306739,
          -0.006216846050365935
        ],
        [
          0.034976365176992465,
          0.08082315764251889,
          0.9961145873179942,
          0.00856127099304399
        ],
        [
          0.0,
          0.0,
          0.0,
          1.0
        ]
      ],
      "body_yaw": 0.16185457398755818,
      "check_collision": false,
      "left_arm": [
        -0.03067961575771294,
        0.1457281607946701
      ],
      "right_arm": [
        -0.05062134678811203,
        -0.03221356357509286
      ]
    },
    {
      "head": [
        [
          0.997256867234431,
          -0.06778911085254181,
          -0.029721662194268222,
          -0.007029067316329116
        ],
        [
          0.06512350817062225,
          0.9944216507401462,
          -0.08297294271504013,
          -0.0061959395798844375
        ],
        [
          0.03518052639343666,
          0.08080975800646992,
          0.9961084848416945,
          0.008532383220876183
        ],
        [
          0.0,
          0.0,
          0.0,
          1.0
        ]
      ],
      "body_yaw": 0.16185457398755818,
      "check_collision": false,
      "left_arm": [
        -0.03067961575771294,
        0.14632893272883385
      ],
      "right_arm": [
        -0.05062134678811203,
        -0.03221356357509286
      ]
    },
    {
      "head": [
        [
          0.9972540793051152,
          -0.0677904595922855,
          -0.029811992512637782,
          -0.0069237271959625354
        ],
        [
          0.06511480498424835,
          0.9944157588583012,
          -0.08305035042750979,
          -0.006098099025583506
        ],
        [
          0.03527553658231395,
          0.08088109867290118,
          0.9960993346028769,
          0.008530694326914778
        ],
        [
          0.0,
          0.0,
          0.0,
          1.0
        ]
      ],
      "body_yaw": 0.16185457398755818,
      "check_collision": false,
      "left_arm": [
        -0.03067961575771294,
        0.1472621415825559
      ],
      "right_arm": [
        -0.05062134678811203,
        -0.03221356357509286
      ]
    },
    {
      "head": [
        [
          0.9972441959412189,
          -0.06791108269754813,
          -0.029868018153178886,
          -0.006805734837676247
        ],
        [
          0.06522695608012218,
          0.9943999470397571,
          -0.08315160568413714,
          -0.006087398976967357
        ],
        [
          0.03534767123975294,
          0.08097425624342093,
          0.9960892088381197,
          0.00848019563514274
        ],
        [
          0.0,
          0.0,
          0.0,
          1.0
        ]
      ],
      "body_yaw": 0.16185457398755818,
      "check_collision": false,
      "left_arm": [
        -0.03067961575771294,
        0.1472621415825559
      ],
      "right_arm": [
        -0.05062134678811203,
        -0.03221356357509286
      ]
    },
    {
      "head": [
        [
          0.9972561251022645,
          -0.06780777040828771,
          -0.02970399330517023,
          -0.00662633994667659
        ],
        [
          0.06512963001177864,
          0.9943882970847885,
          -0.08336693538413868,
          -0.0059777227236105165
        ],
        [
          0.03519022933351642,
          0.08120357684899891,
          0.996076114996431,
          0.008329032417671134
        ],
        [
          0.0,
          0.0,
          0.0,
          1.0
        ]
      ],
      "body_yaw": 0.16185457398755818,
      "check_collision": false,
      "left_arm": [
        -0.03067961575771294,
        0.1472621415825559
      ],
      "right_arm": [
        -0.05062134678811203,
        -0.03221356357509286
      ]
    },
    {
      "head": [
        [
          0.9972628059887763,
          -0.06774798182902712,
          -0.02961598807209292,
          -0.006528207208399316
        ],
        [
          0.06506792380272454,
          0.9943703136301065,
          -0.08362920938982078,
          -0.005963864144321513
        ],
        [
          0.03511496950583001,
          0.08147324916349825,
          0.996056749682139,
          0.008271219026251053
        ],
        [
          0.0,
          0.0,
          0.0,
          1.0
        ]
      ],
      "body_yaw": 0.16185457398755818,
      "check_collision": false,
      "left_arm": [
        -0.03067961575771294,
        0.1472621415825559
      ],
      "right_arm": [
        -0.05062134678811203,
        -0.03221356357509286
      ]
    },
    {
      "head": [
        [
          0.9972910313398079,
          -0.06727267366114477,
          -0.029748717412071905,
          -0.006517274828718859
        ],
        [
          0.06458940354830879,
          0.9944163340388519,
          -0.08345276236293307,
          -0.005626049887820885
        ],
        [
          0.03519670095983297,
          0.08130523953111253,
          0.996067593221631,
          0.008524608555392887
        ],
        [
          0.0,
          0.0,
          0.0,
          1.0
        ]
      ],
      "body_yaw": 0.16185457398755818,
      "check_collision": false,
      "left_arm": [
        -0.03067961575771294,
        0.1479858679356433
      ],
      "right_arm": [
        -0.05062134678811203,
        -0.03221356357509286
      ]
    },
    {
      "head": [
        [
          0.997297830019828,
          -0.06711935255081036,
          -0.029866883849876413,
          -0.00644234419146364
        ],
        [
          0.06442029932013199,
          0.994411643449159,
          -0.08363915595130746,
          -0.0056326012043080844
        ],
        [
          0.03531378304920876,
          0.08148911513756026,
          0.9960484229397939,
          0.00855124386065187
        ],
        [
          0.0,
          0.0,
          0.0,
          1.0
        ]
      ],
      "body_yaw": 0.16185457398755818,
      "check_collision": false,
      "left_arm": [
        -0.03067961575771294,
        0.1487961223704417
      ],
      "right_arm": [
        -0.05062134678811203,
        -0.03221356357509286
      ]
    },
    {
      "head": [
        [
          0.9972997060454148,
          -0.06710914411133419,
          -0.029827153708884016,
          -0.006357837505101839
        ],
        [
          0.0644096597423033,
          0.9944035360731175,
          -0.08374367544573677,
          -0.005580690508143943
        ],
        [
          0.03528019350301141,
          0.0815963860837253,
          0.9960408313540493,
          0.008552900611267011
        ],
        [
          0.0,
          0.0,
          0.0,
          1.0
        ]
      ],
      "body_yaw": 0.16185457398755818,
      "check_collision": false,
      "left_arm": [
        -0.03067961575771294,
        0.1487961223704417
      ],
      "right_arm": [
        -0.05062134678811203,
        -0.03221356357509286
      ]
    },
    {
      "head": [
        [
          0.9973116084737638,
          -0.06696336234134881,
          -0.029756742217780425,
          -0.006272178232953788
        ],
        [
          0.06426663373836602,
          0.994404636776335,
          -0.0838404326423968,
          -0.005529370045667994
        ],
        [
          0.035204479706607235,
          0.08170267108036791,
          0.9960347976586563,
          0.008557870680815205
        ],
        [
          0.0,
          0.0,
          0.0,
          1.0
        ]
      ],
      "body_yaw": 0.16185457398755818,
      "check_collision": false,
      "left_arm": [
        -0.03067961575771294,
        0.1487961223704417
      ],
      "right_arm": [
        -0.05111210521247851,
        -0.03221356357509286
      ]
    },
    {
      "head": [
        [
          0.9973376769307598,
          -0.06657067701040079,
          -0.029764124995243012,
          -0.006290506292816075
        ],
        [
          0.06387129201604513,
          0.9944224725902223,
          -0.08393094818807668,
          -0.005661066259360703
        ],
        [
          0.03518545481525913,
          0.08180642376931911,
          0.9960269538519116,
          0.008452259626033243
        ],
        [
          0.0,
          0.0,
          0.0,
          1.0
        ]
      ],
      "body_yaw": 0.16185457398755818,
      "check_collision": false,
      "left_arm": [
        -0.03067961575771294,
        0.1487961223704417
      ],
      "right_arm": [
        -0.05206214578581264,
        -0.03221356357509286
      ]
    },
    {
      "head": [
        [
          0.9973301100933452,
          -0.06663412876223729,
          -0.02987548133995725,
          -0.006193640144828934
        ],
        [
          0.06392635910910857,
          0.9944211234323085,
          -0.08390500511101423,
          -0.005641357941683582
        ],
        [
          0.03529974663152474,
          0.08177115723605491,
          0.9960258057560692,
          0.008435949516624852
        ],
        [
          0.0,
          0.0,
          0.0,
          1.0
        ]
      ],
      "body_yaw": 0.16185457398755818,
      "check_collision": false,
      "left_arm": [
        -0.03067961575771294,
        0.14964266202905915
      ],
      "right_arm": [
        -0.05215532757599739,
        -0.03221356357509286
      ]
    },
    {
      "head": [
        [
          0.9973274439237453,
          -0.06651733183778857,
          -0.030222742458448488,
          -0.0062359059445422586
        ],
        [
          0.06377785477404257,
          0.9944221078396741,
          -0.08400628952715507,
          -0.005704238646271908
        ],
        [
          0.03564203749716509,
          0.08185423632824747,
          0.9960067917229127,
          0.008279306393643049
        ],
        [
          0.0,
          0.0,
          0.0,
          1.0
        ]
      ],
      "body_yaw": 0.16185457398755818,
      "check_collision": false,
      "left_arm": [
        -0.03067961575771294,
        0.15033010315832662
      ],
      "right_arm": [
        -0.05189321431436938,
        -0.03221356357509286
      ]
    },
    {
      "head": [
        [
          0.9973285346065511,
          -0.06651345374791501,
          -0.030195273306821063,
          -0.006159876251717978
        ],
        [
          0.06377655036225649,
          0.9944229272772002,
          -0.08399757930640014,
          -0.005692045064010741
        ],
        [
          0.03561384117783717,
          0.08184743231139505,
          0.9960083594732484,
          0.008253094136909223
        ],
        [
          0.0,
          0.0,
          0.0,
          1.0
        ]
      ],
      "body_yaw": 0.16185457398755818,
      "check_collision": false,
      "left_arm": [
        -0.03067961575771294,
        0.15033010315832662
      ],
      "right_arm": [
        -0.050953396750769805,
        -0.03221356357509286
      ]
    },
    {
      "head": [
        [
          0.9973537413052289,
          -0.06611265721044444,
          -0.03024287124326107,
          -0.006148264623715795
        ],
        [
          0.06337598436762727,
          0.994455530484282,
          -0.08391473347785251,
          -0.005656270002297066
        ],
        [
          0.0356230165749121,
          0.08177600164962227,
          0.9960138986200464,
          0.00808965274344331
        ],
        [
          0.0,
          0.0,
          0.0,
          1.0
        ]
      ],
      "body_yaw": 0.16185457398755818,
      "check_collision": false,
      "left_arm": [
        -0.03067961575771294,
        0.15095231873466938
      ],
      "right_arm": [
        -0.05062134678811203,
        -0.03221356357509286
      ]
    },
    {
      "head": [
        [
          0.9973488800537293,
          -0.06614167512752654,
          -0.030339582510247806,
          -0.006069419833334491
        ],
        [
          0.0633939622077574,
          0.9944472316103996,
          -0.08399945891500314,
          -0.005646819489459263
        ],
        [
          0.03572697875797538,
          0.08185341992694385,
          0.996003815572556,
          0.008047256920344081
        ],
        [
          0.0,
          0.0,
          0.0,
          1.0
        ]
      ],
      "body_yaw": 0.16185457398755818,
      "check_collision": false,
      "left_arm": [
        -0.030645129122622083,
        0.15186408394621242
      ],
      "right_arm": [
        -0.05062134678811203,
        -0.03221356357509286
      ]
    },
    {
      "head": [
        [
          0.9973494835794166,
          -0.06600880036010366,
          -0.030607938167919534,
          -0.00610206888135991
        ],
        [
          0.06323684024579772,
          0.9944510493863927,
          -0.08407266149010548,
          -0.005625764269218527
        ],
        [
          0.03598763175868435,
          0.08191427622412581,
          0.9959894285137162,
          0.008057000422793614
        ],
        [
          0.0,
          0.0,
          0.0,
          1.0
        ]
      ],
      "body_yaw": 0.16185457398755818,
      "check_collision": false,
      "left_arm": [
        -0.029687175360469362,
        0.15186408394621242
      ],
      "right_arm": [
        -0.05062134678811203,
        -0.03221356357509286
      ]
    },
    {
      "head": [
        [
          0.9973628433768393,
          -0.06588653506067903,
          -0.030435557313192488,
          -0.006039441368358626
        ],
        [
          0.06312703862127177,
          0.9944532518251201,
          -0.0841291086922537,
          -0.005611231832426364
        ],
        [
          0.03580971441068993,
          0.08198594045409546,
          0.9959899446890429,
          0.008022708176915416
        ],
        [
          0.0,
          0.0,
          0.0,
          1.0
        ]
      ],
      "body_yaw": 0.16185457398755818,
      "check_collision": false,
      "left_arm": [
        -0.02914563496982714,
        0.15186408394621242
      ],
      "right_arm": [
        -0.05062134678811203,
        -0.03221356357509286
      ]
    },
    {
      "head": [
        [
          0.9973974021025769,
          -0.06549088527452064,
          -0.030155699709845076,
          -0.0060630257910901705
        ],
        [
          0.062760994958263,
          0.9944894075640757,
          -0.08397544733255524,
          -0.0056040219577351705
        ],
        [
          0.03548915032625692,
          0.08186429129243988,
          0.9960114246434661,
          0.00808030586050179
        ],
        [
          0.0,
          0.0,
          0.0,
          1.0
        ]
      ],
      "body_yaw": 0.16185457398755818,
      "check_collision": false,
      "left_arm": [
        -0.02914563496982714,
        0.15186408394621242
      ],
      "right_arm": [
        -0.05062134678811203,
        -0.03221356357509286
      ]
    },
    {
      "head": [
        [
          0.9973907170749184,
          -0.06558878469615717,
          -0.030164031807131057,
          -0.005992415319153512
        ],
        [
          0.06285941156431793,
          0.9944867095867673,
          -0.08393377647331797,
          -0.005588989165926035
        ],
        [
          0.03550284313358818,
          0.08181867621372489,
          0.9960146848074409,
          0.008053656383481933
        ],
        [
          0.0,
          0.0,
          0.0,
          1.0
        ]
      ],
      "body_yaw": 0.16185457398755818,
      "check_collision": false,
      "left_arm": [
        -0.02914563496982714,
        0.15186408394621242
      ],
      "right_arm": [
        -0.05136387409503123,
        -0.03221356357509286
      ]
    },
    {
      "head": [
        [
          0.9973968513305063,
          -0.06546249896705238,
          -0.030235445837303296,
          -0.00568165627001877
        ],
        [
          0.06272909837968264,
          0.9944983746784907,
          -0.08389304487448455,
          -0.00530690626528168
        ],
        [
          0.03556095010631649,
          0.08177801654985802,
          0.9960159510955169,
          0.007959163125942526
        ],
        [
          0.0,
          0.0,
          0.0,
          1.0
        ]
      ],
      "body_yaw": 0.16185457398755818,
      "check_collision": false,
      "left_arm": [
        -0.02914563496982714,
        0.15186408394621242
      ],
      "right_arm": [
        -0.05215532757599739,
        -0.03221356357509286
      ]
    },
    {
      "head": [
        [
          0.9974011449405473,
          -0.06542632889939977,
          -0.03017203271297327,
          -0.005606451935065269
        ],
        [
          0.06270312654621236,
          0.9945116069606078,
          -0.08375548663794534,
          -0.005280943047376048
        ],
        [
          0.03548625075455057,
          0.08164593748238137,
          0.9960294508196071,
          0.007931701635728206
        ],
        [
          0.0,
          0.0,
          0.0,
          1.0
        ]
      ],
      "body_yaw": 0.16185457398755818,
      "check_collision": false,
      "left_arm": [
        -0.02914563496982714,
        0.15186408394621242
      ],
      "right_arm": [
        -0.05215532757599739,
        -0.03221356357509286
      ]
    },
    {
      "head": [
        [
          0.9974306230534042,
          -0.06502393978794695,
          -0.030067248789198565,
          -0.0056774040715131605
        ],
        [
          0.062314484647550086,
          0.9945455562932898,
          -0.08364234250893143,
          -0.005324685244859919
        ],
        [
          0.03534200331628582,
          0.08155380868926113,
          0.9960421271662496,
          0.00793508280455485
        ],
        [
          0.0,
          0.0,
          0.0,
          1.0
        ]
      ],
      "body_yaw": 0.16185457398755818,
      "check_collision": false,
      "left_arm": [
        -0.02914563496982714,
        0.15186408394621242
      ],
      "right_arm": [
        -0.05215532757599739,
        -0.03221356357509286
      ]
    },
    {
      "head": [
        [
          0.9974422576609676,
          -0.06479821767252499,
          -0.030168420884364375,
          -0.005765128647459256
        ],
        [
          0.06208167839626747,
          0.9945613528270908,
          -0.08362763102138952,
          -0.005382699522145027
        ],
        [
          0.03542326692577209,
          0.08154082688574678,
          0.9960403032563965,
          0.007977103366587524
        ],
        [
          0.0,
          0.0,
          0.0,
          1.0
        ]
      ],
      "body_yaw": 0.16185457398755818,
      "check_collision": false,
      "left_arm": [
        -0.02914563496982714,
        0.15186408394621242
      ],
      "right_arm": [
        -0.05215532757599739,
        -0.03221356357509286
      ]
    },
    {
      "head": [
        [
          0.9974386022496003,
          -0.06482080580666758,
          -0.03024066594733834,
          -0.005718131209219546
        ],
        [
          0.06209409716322841,
          0.9945506453734018,
          -0.08374566785711512,
          -0.005366650878983452
        ],
        [
          0.03550433550776253,
          0.08165339504224542,
          0.9960281950016414,
          0.007947795621741693
        ],
        [
          0.0,
          0.0,
          0.0,
          1.0
        ]
      ],
      "body_yaw": 0.16185457398755818,
      "check_collision": false,
      "left_arm": [
        -0.02914563496982714,
        0.1527256290472162
      ],
      "right_arm": [
        -0.05215532757599739,
        -0.03221356357509286
      ]
    },
    {
      "head": [
        [
          0.9974375382065793,
          -0.06478251737689596,
          -0.03035758255709546,
          -0.005667616328723889
        ],
        [
          0.062041338937625194,
          0.9945420994358781,
          -0.08388614136138714,
          -0.00536077235656989
        ],
        [
          0.03562624930055652,
          0.08178776126039941,
          0.9960128174219378,
          0.007922638375450097
        ],
        [
          0.0,
          0.0,
          0.0,
          1.0
        ]
      ],
      "body_yaw": 0.16185457398755818,
      "check_collision": false,
      "left_arm": [
        -0.02914563496982714,
        0.15339806473409823
      ],
      "right_arm": [
        -0.05187452664983666,
        -0.03221356357509286
      ]
    },
    {
      "head": [
        [
          0.9974594537903434,
          -0.06435826975262669,
          -0.030539337889323385,
          -0.0057039259225723175
        ],
        [
          0.06160742851839569,
          0.9945784344900388,
          -0.08377507026970968,
          -0.005325845591716569
        ],
        [
          0.035765385439288803,
          0.08168078575645663,
          0.9960166095214413,
          0.007943412887504608
        ],
        [
          0.0,
          0.0,
          0.0,
          1.0
        ]
      ],
      "body_yaw": 0.16185457398755818,
      "check_collision": false,
      "left_arm": [
        -0.02914563496982714,
        0.15339806473409823
      ],
      "right_arm": [
        -0.05093415863596625,
        -0.03221356357509286
      ]
    },
    {
      "head": [
        [
          0.9974524859143492,
          -0.06439365899763923,
          -0.03069193744586025,
          -0.005653934574327321
        ],
        [
          0.061623639822323446,
          0.9945620043352955,
          -0.08395800466666736,
          -0.005318337770504661
        ],
        [
          0.035931397945715864,
          0.08185277156856294,
          0.9959965152691104,
          0.007911126239727173
        ],
        [
          0.0,
          0.0,
          0.0,
          1.0
        ]
      ],
      "body_yaw": 0.16185457398755818,
      "check_collision": false,
      "left_arm": [
        -0.02914563496982714,
        0.15339806473409823
      ],
      "right_arm": [
        -0.051253972398229555,
        -0.03284618918521057
      ]
    },
    {
      "head": [
        [
          0.9974617027400178,
          -0.06419816139420348,
          -0.030801747362574877,
          -0.005694824955629464
        ],
        [
          0.06141961019609011,
          0.9945743918615085,
          -0.08396076784231202,
          -0.005317831536794991
        ],
        [
          0.036024756076126735,
          0.0818558191389841,
          0.9959928924559358,
          0.007990980907162049
        ],
        [
          0.0,
          0.0,
          0.0,
          1.0
        ]
      ],
      "body_yaw": 0.16185457398755818,
      "check_collision": false,
      "left_arm": [
        -0.028969550258882412,
        0.15331002237862584
      ],
      "right_arm": [
        -0.05224336993146977,
        -0.03383558671845103
      ]
    },
    {
      "head": [
        [
          0.9974660389835733,
          -0.06414479644280881,
          -0.03077249037258842,
          -0.005650166832024428
        ],
        [
          0.061376052985258264,
          0.9945940135688427,
          -0.08375994444226556,
          -0.005302403355848284
        ],
        [
          0.03597889929349139,
          0.08165900600871445,
          0.9960107055364904,
          0.007977463900337545
        ],
        [
          0.0,
          0.0,
          0.0,
          1.0
        ]
      ],
      "body_yaw": 0.16185457398755818,
      "check_collision": false,
      "left_arm": [
        -0.025150651398001933,
        0.15140057294818535
      ],
      "right_arm": [
        -0.054152819361910284,
        -0.03574503614889127
      ]
    },
    {
      "head": [
        [
          0.9974737750901838,
          -0.06396706625482931,
          -0.03089146228471392,
          -0.005552994234572982
        ],
        [
          0.061194093483613404,
          0.9946168060224936,
          -0.08362231819515827,
          -0.005286399539323119
        ],
        [
          0.03607424191935859,
          0.08152069438102076,
          0.9960185869036681,
          0.007916093432855986
        ],
        [
          0.0,
          0.0,
          0.0,
          1.0
        ]
      ],
      "body_yaw": 0.16185457398755818,
