{
  "description": "proud2: official head/body + arm clip victory_lift",
  "time": [
    0.0,
    0.009970903396606445,
    0.01999354362487793,
    0.03002452850341797,
    0.04020380973815918,
    0.050293684005737305,
    0.060207366943359375,
    0.07023930549621582,
    0.08040285110473633,
    0.09090995788574219,
    0.10056757926940918,
    0.11059069633483887,
    0.12062931060791016,
    0.13069987297058105,
    0.1407299041748047,
    0.15077757835388184,
    0.16083955764770508,
    0.17088961601257324,
    0.1810464859008789,
    0.19100284576416016,
    0.20106911659240723,
    0.21118950843811035,
    0.22125005722045898,
    0.23117542266845703,
    0.24121665954589844,
    0.2513401508331299,
    0.26150965690612793,
    0.2717559337615967,
    0.28173184394836426,
    0.29163146018981934,
    0.30167579650878906,
    0.3118870258331299,
    0.3217439651489258,
    0.33182406425476074,
    0.3419511318206787,
    0.3520503044128418,
    0.36202526092529297,
    0.372081995010376,
    0.3821840286254883,
    0.3922102451324463,
    0.40221261978149414,
    0.412322998046875,
    0.42238354682922363,
    0.4324204921722412,
    0.44255518913269043,
    0.45264315605163574,
    0.46269941329956055,
    0.47280168533325195,
    0.4827847480773926,
    0.4928252696990967,
    0.5028672218322754,
    0.51308274269104,
    0.5230240821838379,
    0.5331087112426758,
    0.5431954860687256,
    0.5532262325286865,
    0.5632450580596924,
    0.5733098983764648,
    0.5833661556243896,
    0.5934643745422363,
    0.6035139560699463,
    0.6135849952697754,
    0.6237514019012451,
    0.633765697479248,
    0.6437888145446777,
    0.653925895690918,
    0.6638920307159424,
    0.6739609241485596,
    0.6842129230499268,
    0.6942789554595947,
    0.704157829284668,
    0.7142932415008545,
    0.7242543697357178,
    0.7342972755432129,
    0.7444381713867188,
    0.7545266151428223,
    0.7645263671875,
    0.7745344638824463,
    0.7846488952636719,
    0.7947461605072021,
    0.8047659397125244,
    0.8148131370544434,
    0.8248965740203857,
    0.8349528312683105,
    0.8451118469238281,
    0.8552238941192627,
    0.8651196956634521,
    0.875213623046875,
    0.8852934837341309,
    0.8953220844268799,
    0.9053695201873779,
    0.9154365062713623,
    0.9255192279815674,
    0.935502290725708,
    0.9457340240478516,
    0.9556663036346436,
    0.9657478332519531,
    0.9757909774780273,
    0.985910177230835,
    0.9958581924438477,
    1.0060398578643799,
    1.0160698890686035,
    1.0261073112487793,
    1.0361292362213135,
    1.046227216720581,
    1.056234359741211,
    1.0662457942962646,
    1.0763270854949951,
    1.0863909721374512,
    1.0964293479919434,
    1.1064825057983398,
    1.1166331768035889,
    1.1266465187072754,
    1.1366477012634277,
    1.1468288898468018,
    1.1568260192871094,
    1.1668598651885986,
    1.176957607269287,
    1.18705415725708,
    1.1970832347869873,
    1.2071313858032227,
    1.2172627449035645,
    1.2273449897766113,
    1.2373237609863281,
    1.2474086284637451,
    1.2574269771575928,
    1.2675056457519531,
    1.2776389122009277,
    1.2876091003417969,
    1.2976634502410889,
    1.307809591293335,
    1.3178608417510986,
    1.3278493881225586,
    1.3379287719726562,
    1.3480124473571777,
    1.3581013679504395,
    1.3681223392486572,
    1.3781590461730957,
    1.3882246017456055,
    1.3982775211334229,
    1.4083302021026611,
    1.418370246887207,
    1.428407907485962,
    1.4386239051818848,
    1.4486455917358398,
    1.4585835933685303,
    1.4686543941497803,
    1.4787700176239014,
    1.488800287246704,
    1.4988417625427246,
    1.5089337825775146,
    1.5190072059631348,
    1.5291054248809814,
    1.5390963554382324,
    1.5491809844970703,
    1.5592310428619385,
    1.569249153137207,
    1.5794057846069336,
    1.589371919631958,
    1.5994133949279785,
    1.6095175743103027,
    1.6195945739746094,
    1.6295788288116455,
    1.639683485031128,
    1.6498749256134033,
    1.6597864627838135,
    1.669929027557373,
    1.6800329685211182,
    1.6900224685668945,
    1.7000658512115479,
    1.7101125717163086,
    1.7201941013336182,
    1.7303259372711182,
    1.740415096282959,
    1.750464916229248,
    1.7604365348815918,
    1.7706050872802734,
    1.7806675434112549,
    1.7906324863433838,
    1.8006916046142578,
    1.8107719421386719,
    1.8208649158477783,
    1.830812692642212,
    1.8409717082977295,
    1.8511059284210205,
    1.8614864349365234,
    1.871262550354004,
    1.8812668323516846,
    1.8914909362792969,
    1.9015462398529053,
    1.9122271537780762,
    1.9220054149627686,
    1.932992696762085,
    1.942403793334961,
    1.9524610042572021,
    1.9626274108886719,
    1.9723730087280273,
    1.9828708171844482,
    1.9924302101135254,
    2.002192974090576,
    2.0122873783111572,
    2.02232027053833,
    2.032353401184082,
    2.042470693588257,
    2.052581548690796,
    2.0625836849212646,
    2.0726397037506104,
    2.0827972888946533,
    2.0927441120147705,
    2.102783203125,
    2.1129567623138428,
    2.122980833053589,
    2.133010149002075,
    2.14304518699646,
    2.1532351970672607,
    2.163290500640869,
    2.173217296600342,
    2.183295488357544,
    2.193276882171631,
    2.203343152999878,
    2.2135167121887207,
    2.2234861850738525,
    2.233549118041992,
    2.243612051010132,
    2.253692865371704,
    2.2637031078338623,
    2.2739980220794678,
    2.283897876739502,
    2.294018268585205,
    2.3040478229522705,
    2.3140838146209717,
    2.3241939544677734,
    2.3341941833496094,
    2.344254493713379,
    2.354310989379883,
    2.3643152713775635,
    2.374594211578369,
    2.384505033493042,
    2.394502639770508,
    2.4045519828796387,
    2.4146981239318848,
    2.4247050285339355,
    2.4347028732299805,
    2.444831371307373,
    2.4548940658569336,
    2.464946985244751,
    2.475064516067505,
    2.4850943088531494,
    2.4951701164245605,
    2.5052075386047363,
    2.515259027481079,
    2.5252721309661865,
    2.5353291034698486,
    2.5455195903778076,
    2.5555131435394287,
    2.5655219554901123,
    2.575636148452759,
    2.585655450820923,
    2.5956883430480957,
    2.6057724952697754,
    2.6158688068389893,
    2.6259357929229736,
    2.635991096496582,
    2.646063804626465,
    2.6561458110809326,
    2.6661994457244873,
    2.676262378692627,
    2.6863276958465576,
    2.6962392330169678,
    2.7063450813293457,
    2.7164969444274902,
    2.7264604568481445,
    2.736510992050171,
    2.7466824054718018,
    2.756714105606079,
    2.766731023788452,
    2.7767913341522217,
    2.786897897720337,
    2.7972164154052734,
    2.8071467876434326,
    2.8170740604400635,
    2.827162265777588,
    2.8371944427490234,
    2.8473589420318604,
    2.8574421405792236,
    2.867508888244629,
    2.8774898052215576,
    2.8875045776367188,
    2.8975119590759277,
    2.9075915813446045,
    2.9176926612854004,
    2.9277474880218506,
    2.9378066062927246,
    2.947852611541748,
    2.9579625129699707,
    2.96807861328125,
    2.9780826568603516,
    2.9881091117858887,
    2.998182535171509,
    3.008352041244507,
    3.0183663368225098,
    3.0283141136169434,
    3.038358449935913,
    3.0485808849334717,
    3.0585532188415527,
    3.068525791168213,
    3.07867169380188,
    3.088650703430176,
    3.09873366355896,
    3.1088144779205322,
    3.1189515590667725,
    3.1289992332458496,
    3.1393539905548096,
    3.149097442626953,
    3.159181594848633,
    3.169191360473633,
    3.179295539855957,
    3.1892759799957275,
    3.1993610858917236
  ],
  "set_target_data": [
    {
      "head": [
        [
          0.9594123868845353,
          -0.25341878520173755,
          -0.12372061751945193,
          -0.001926787893050316
        ],
        [
          0.2468817593345849,
          0.966806479100305,
          -0.06583789848963684,
          -0.0005966619878570532
        ],
        [
          0.1362984548715759,
          0.032621331618240657,
          0.9901305873080954,
          0.0036812016033592743
        ],
        [
          0.0,
          0.0,
          0.0,
          1.0
        ]
      ],
      "body_yaw": 0.3140723397810006,
      "check_collision": false,
      "left_arm": [
        -0.03067961575771294,
        0.1441941800067843
      ],
      "right_arm": [
        -0.05062134678811203,
        -0.03221356357509286
      ]
    },
    {
      "head": [
        [
          0.9594111483218548,
          -0.25345739350024227,
          -0.12365111465653239,
          -0.0019602933923522177
        ],
        [
          0.24691584389842722,
          0.9667942450070546,
          -0.06588970976690124,
          -0.0006930712123956063
        ],
        [
          0.13624542013464924,
          0.03268390278565758,
          0.9901358230015871,
          0.0037526113838439734
        ],
        [
          0.0,
          0.0,
          0.0,
          1.0
        ]
      ],
      "body_yaw": 0.3140723397810006,
      "check_collision": false,
      "left_arm": [
        -0.03067961575771294,
        0.1449903244703484
      ],
      "right_arm": [
        -0.05062134678811203,
        -0.03221356357509286
      ]
    },
    {
      "head": [
        [
          0.9594239270976409,
          -0.25342771071119574,
          -0.12361279689507478,
          -0.0019621904188538647
        ],
        [
          0.24687132423434718,
          0.9667977390463434,
          -0.06600515923515625,
          -0.0006886792352283257
        ],
        [
          0.13623610895544674,
          0.032810474220300215,
          0.990132918045915,
          0.0037573030284893116
        ],
        [
          0.0,
          0.0,
          0.0,
          1.0
        ]
      ],
      "body_yaw": 0.3140723397810006,
      "check_collision": false,
      "left_arm": [
        -0.03067961575771294,
        0.1457907630688812
      ],
      "right_arm": [
        -0.05062134678811203,
        -0.03221356357509286
      ]
    },
    {
      "head": [
        [
          0.9594433828060143,
          -0.2534451382744273,
          -0.12342591735453441,
          -0.0019051976423158099
        ],
        [
          0.24690266931017582,
          0.9667934792108674,
          -0.06595028766317776,
          -0.0007131818939717042
        ],
        [
          0.13604215184001567,
          0.03280137863569732,
          0.9901598873325135,
          0.003781390991590139
        ],
        [
          0.0,
          0.0,
          0.0,
          1.0
        ]
      ],
      "body_yaw": 0.3140723397810006,
      "check_collision": false,
      "left_arm": [
        -0.03067961575771294,
        0.14659379722315735
      ],
      "right_arm": [
        -0.05062134678811203,
        -0.03221356357509286
      ]
    },
    {
      "head": [
        [
          0.9594712537663629,
          -0.2534011056344705,
          -0.12329960607898009,
          -0.0018882994898811118
        ],
        [
          0.24684715877616314,
          0.9668000152741577,
          -0.0660621727619084,
          -0.0007092437673961501
        ],
        [
          0.13594628865893857,
          0.03294859828758196,
          0.9901681657530422,
          0.003786649745226134
        ],
        [
          0.0,
          0.0,
          0.0,
          1.0
        ]
      ],
      "body_yaw": 0.3140723397810006,
      "check_collision": false,
      "left_arm": [
        -0.03067961575771294,
        0.1472621415825559
      ],
      "right_arm": [
        -0.05062134678811203,
        -0.03221356357509286
      ]
    },
    {
      "head": [
        [
          0.959494128174356,
          -0.25329410107661476,
          -0.12334146244764045,
          -0.001889405644282736
        ],
        [
          0.24676154531437244,
          0.9668336049952804,
          -0.06589021176088083,
          -0.0006993371250729723
        ],
        [
          0.13594027274136228,
          0.03278534141381566,
          0.9901744107152962,
          0.003874362015705679
        ],
        [
          0.0,
          0.0,
          0.0,
          1.0
        ]
      ],
      "body_yaw": 0.3140723397810006,
      "check_collision": false,
      "left_arm": [
        -0.03067961575771294,
        0.1472621415825559
      ],
      "right_arm": [
        -0.05062134678811203,
        -0.03221356357509286
      ]
    },
    {
      "head": [
        [
          0.9595066002671109,
          -0.25323985174491037,
          -0.1233558329876061,
          -0.0018908818410692469
        ],
        [
          0.24669750547452485,
          0.9668455299774545,
          -0.06595499947131823,
          -0.0006804769124485726
        ],
        [
          0.1359684700086647,
          0.032852681029569133,
          0.9901683071643285,
          0.003900482054727261
        ],
        [
          0.0,
          0.0,
          0.0,
          1.0
        ]
      ],
      "body_yaw": 0.3140723397810006,
      "check_collision": false,
      "left_arm": [
        -0.03067961575771294,
        0.14704751596067228
      ],
      "right_arm": [
        -0.05062134678811203,
        -0.03221356357509286
      ]
    },
    {
      "head": [
        [
          0.9594734563817603,
          -0.2532422881807468,
          -0.12360837340495003,
          -0.0019173512053047804
        ],
        [
          0.24666448935134203,
          0.9668405298821591,
          -0.06615148879826752,
          -0.0006671669367472911
        ],
        [
          0.13626193963054997,
          0.03298080129659103,
          0.9901237046722772,
          0.003817750099534667
        ],
        [
          0.0,
          0.0,
          0.0,
          1.0
        ]
      ],
      "body_yaw": 0.3140723397810006,
      "check_collision": false,
      "left_arm": [
        -0.03067961575771294,
        0.14624417936736375
      ],
      "right_arm": [
        -0.05062134678811203,
        -0.03221356357509286
      ]
    },
    {
      "head": [
        [
          0.9594464201112554,
          -0.2532914956776364,
          -0.12371735995034129,
          -0.0019352558190010678
        ],
        [
          0.24670442379124255,
          0.966827361780531,
          -0.06619501336452241,
          -0.0006402059319801749
        ],
        [
          0.1363799626687418,
          0.03298894860228503,
          0.9901071836183133,
          0.0038475986463323286
        ],
        [
          0.0,
          0.0,
          0.0,
          1.0
        ]
      ],
      "body_yaw": 0.3140723397810006,
      "check_collision": false,
      "left_arm": [
        -0.03067961575771294,
        0.1457281607946701
      ],
      "right_arm": [
        -0.05062134678811203,
        -0.03221356357509286
      ]
    },
    {
      "head": [
        [
          0.9594139145388301,
          -0.25341593267979895,
          -0.12371461374189585,
          -0.0019478463286397634
        ],
        [
          0.24684342237097917,
          0.966798595089575,
          -0.06609690889146591,
          -0.0007300427752981922
        ],
        [
          0.13635712457169685,
          0.032876155445124365,
          0.9901140807915456,
          0.0038497111417221674
        ],
        [
          0.0,
          0.0,
          0.0,
          1.0
        ]
      ],
      "body_yaw": 0.3140723397810006,
      "check_collision": false,
      "left_arm": [
        -0.03067961575771294,
        0.1457281607946701
      ],
      "right_arm": [
        -0.05062134678811203,
        -0.03221356357509286
      ]
    },
    {
      "head": [
        [
          0.9593948336047511,
          -0.25344795663155456,
          -0.12379695687617362,
          -0.0019525887628258432
        ],
        [
          0.24686803280751293,
          0.9667898766156912,
          -0.06613250979030569,
          -0.0007116455944737726
        ],
        [
          0.1364467941369832,
          0.03288567701455741,
          0.9901014112791848,
          0.0038665585515494927
        ],
        [
          0.0,
          0.0,
          0.0,
          1.0
        ]
      ],
      "body_yaw": 0.3140723397810006,
      "check_collision": false,
      "left_arm": [
        -0.03067961575771294,
        0.1457281607946701
      ],
      "right_arm": [
        -0.05062134678811203,
        -0.03221356357509286
      ]
    },
    {
      "head": [
        [
          0.9594724623310928,
          -0.2531335105130595,
          -0.12383868492375019,
          -0.0019484797081723423
        ],
        [
          0.24650459932945373,
          0.9668601456762482,
          -0.06646007231661027,
          -0.0007806310151477567
        ],
        [
          0.1365579603601875,
          0.03323980382370506,
          0.990074259287669,
          0.0037002108434022185
        ],
        [
          0.0,
          0.0,
          0.0,
          1.0
        ]
      ],
      "body_yaw": 0.3140723397810006,
      "check_collision": false,
      "left_arm": [
        -0.03067961575771294,
        0.1457281607946701
      ],
      "right_arm": [
        -0.05062134678811203,
        -0.03221356357509286
      ]
    },
    {
      "head": [
        [
          0.9594946442532135,
          -0.2531077837958457,
          -0.12371934946221944,
          -0.0019315246415006907
        ],
        [
          0.24648457980350913,
          0.9668661800662134,
          -0.06644653311690688,
          -0.0007837525750581976
        ],
        [
          0.1364381895529506,
          0.03326018078910728,
          0.9900900872170113,
          0.003688061365846984
        ],
        [
          0.0,
          0.0,
          0.0,
          1.0
        ]
      ],
      "body_yaw": 0.3140723397810006,
      "check_collision": false,
      "left_arm": [
        -0.03067961575771294,
        0.1457281607946701
      ],
      "right_arm": [
        -0.05062134678811203,
        -0.03221356357509286
      ]
    },
    {
      "head": [
        [
          0.959518023026562,
          -0.2530708207102787,
          -0.12361360439783335,
          -0.0018163350066190314
        ],
        [
          0.24645156253216235,
          0.966874920129592,
          -0.0664418253049293,
          -0.0006969696902471983
        ],
        [
          0.13633338113849353,
          0.03328736290878334,
          0.990103611072056,
          0.0035964475815164487
        ],
        [
          0.0,
          0.0,
          0.0,
          1.0
        ]
      ],
      "body_yaw": 0.3140723397810006,
      "check_collision": false,
      "left_arm": [
        -0.03067961575771294,
        0.1457281607946701
      ],
      "right_arm": [
        -0.05062134678811203,
        -0.03221356357509286
      ]
    },
    {
      "head": [
        [
          0.9595806587318957,
          -0.2529290007128248,
          -0.1234175027541567,
          -0.0017824720712966606
        ],
        [
          0.24632121412008484,
          0.966911087015063,
          -0.06639886506376241,
          -0.0006972776352048345
        ],
        [
          0.13612795033374936,
          0.03331471755486262,
          0.9901309563548507,
          0.003569223978138303
        ],
        [
          0.0,
          0.0,
          0.0,
          1.0
        ]
      ],
      "body_yaw": 0.3140723397810006,
      "check_collision": false,
      "left_arm": [
        -0.03067961575771294,
        0.1462545616849759
      ],
      "right_arm": [
        -0.05062134678811203,
        -0.03221356357509286
      ]
    },
    {
      "head": [
        [
          0.9595622314503951,
          -0.2530115877441413,
          -0.12339149258002916,
          -0.001823365249043988
        ],
        [
          0.2464158133522321,
          0.9668922256109458,
          -0.06632247720848536,
          -0.0008011378784928518
        ],
        [
          0.13608663014380437,
          0.033234929220638386,
          0.9901393177607901,
          0.003738637729185035
        ],
        [
          0.0,
          0.0,
          0.0,
          1.0
        ]
      ],
      "body_yaw": 0.3140723397810006,
      "check_collision": false,
      "left_arm": [
        -0.03067961575771294,
        0.14705910693869556
      ],
      "right_arm": [
        -0.05062134678811203,
        -0.03221356357509286
      ]
    },
    {
      "head": [
        [
          0.9595756098203078,
          -0.2529744868963842,
          -0.12336351980020682,
          -0.0018253436231310477
        ],
        [
          0.24638374656181575,
          0.9669025788610661,
          -0.06629066617543644,
          -0.0007894259548922779
        ],
        [
          0.13605035269394866,
          0.03321614022326117,
          0.9901449336135196,
          0.0037380261489947664
        ],
        [
          0.0,
          0.0,
          0.0,
          1.0
        ]
      ],
      "body_yaw": 0.3140723397810006,
      "check_collision": false,
      "left_arm": [
        -0.03067961575771294,
        0.1472621415825559
      ],
      "right_arm": [
        -0.05062134678811203,
        -0.03221356357509286
      ]
    },
    {
      "head": [
        [
          0.9595345366753608,
          -0.25298273655288334,
          -0.123665710418915,
          -0.0018249836883523244
        ],
        [
          0.24640704592547627,
          0.9669091677730786,
          -0.06610770752834126,
          -0.0007232032946549258
        ],
        [
          0.13629761790097705,
          0.03296052612727697,
          0.9901194690904387,
          0.0037736423550168707
        ],
        [
          0.0,
          0.0,
          0.0,
          1.0
        ]
      ],
      "body_yaw": 0.3140723397810006,
      "check_collision": false,
      "left_arm": [
        -0.03067961575771294,
        0.1472621415825559
      ],
      "right_arm": [
        -0.05062134678811203,
        -0.03221356357509286
      ]
    },
    {
      "head": [
        [
          0.9594917801162494,
          -0.2530477723516308,
          -0.1238642353434918,
          -0.0018488331530269195
        ],
        [
          0.24649835060968328,
          0.9669019498803784,
          -0.0658724712169485,
          -0.0007066029781214594
        ],
        [
          0.13643345277481006,
          0.03267176495690597,
          0.9901103315987285,
          0.0037998608966234304
        ],
        [
          0.0,
          0.0,
          0.0,
          1.0
        ]
      ],
      "body_yaw": 0.3140723397810006,
      "check_collision": false,
      "left_arm": [
        -0.03067961575771294,
        0.1472621415825559
      ],
      "right_arm": [
        -0.05062134678811203,
        -0.03221356357509286
      ]
    },
    {
      "head": [
        [
          0.9594358774122222,
          -0.2532244567988202,
          -0.12393615942565701,
          -0.0018782707121746131
        ],
        [
          0.2467153277828732,
          0.9668669849056583,
          -0.0655727118276432,
          -0.000724199178723052
        ],
        [
          0.1364343951180525,
          0.03233586210980226,
          0.9901212288656309,
          0.003913690413078985
        ],
        [
          0.0,
          0.0,
          0.0,
          1.0
        ]
      ],
      "body_yaw": 0.3140723397810006,
      "check_collision": false,
      "left_arm": [
        -0.03067961575771294,
        0.1472621415825559
      ],
      "right_arm": [
        -0.05062134678811203,
        -0.03221356357509286
      ]
    },
    {
      "head": [
        [
          0.959429432877599,
          -0.25320917339164806,
          -0.12401724814914898,
          -0.0018797992557659801
        ],
        [
          0.24672736431732903,
          0.966878700854905,
          -0.06535430766334863,
          -0.0007123455538384487
        ],
        [
          0.13645794599506947,
          0.03210439757182701,
          0.9901255155945418,
          0.003940560560437012
        ],
        [
          0.0,
          0.0,
          0.0,
          1.0
        ]
      ],
      "body_yaw": 0.3140723397810006,
      "check_collision": false,
      "left_arm": [
        -0.03067961575771294,
        0.14801771275093195
      ],
      "right_arm": [
        -0.05062134678811203,
        -0.03221356357509286
      ]
    },
    {
      "head": [
        [
          0.9594579161401156,
          -0.2532068524532927,
          -0.1238014419413732,
          -0.0018689824694776693
        ],
        [
          0.24673671607507072,
          0.9668785897882914,
          -0.06532063647496508,
          -0.0006845527568701323
        ],
        [
          0.13624059636010363,
          0.03212604052324309,
          0.9901547441807982,
          0.0039033613673258305
        ],
        [
          0.0,
          0.0,
          0.0,
          1.0
        ]
      ],
      "body_yaw": 0.3140723397810006,
      "check_collision": false,
      "left_arm": [
        -0.03067961575771294,
        0.1487961223704417
      ],
      "right_arm": [
        -0.05062134678811203,
        -0.03221356357509286
      ]
    },
    {
      "head": [
        [
          0.9594728223923013,
          -0.2532554136275388,
          -0.12358640118919102,
          -0.0018415995097852975
        ],
        [
          0.24676838153128966,
          0.9668585414214761,
          -0.06549753244789848,
          -0.000673133302618388
        ],
        [
          0.1360781722649863,
          0.03234588611678317,
          0.9901699221266725,
          0.003912227326717588
        ],
        [
          0.0,
          0.0,
          0.0,
          1.0
        ]
      ],
      "body_yaw": 0.3140723397810006,
      "check_collision": false,
      "left_arm": [
        -0.03067961575771294,
        0.1487961223704417
      ],
      "right_arm": [
        -0.05062134678811203,
        -0.03221356357509286
      ]
    },
    {
      "head": [
        [
          0.9594446673354956,
          -0.25346215859299187,
          -0.1233809729369213,
          -0.0018315602203102061
        ],
        [
          0.2469426939217126,
          0.9667938610451591,
          -0.06579465148536807,
          -0.0007555925430961456
        ],
        [
          0.1359604215945494,
          0.032658297671108574,
          0.9901758426426378,
          0.003868075950252292
        ],
        [
          0.0,
          0.0,
          0.0,
          1.0
        ]
      ],
      "body_yaw": 0.3140723397810006,
      "check_collision": false,
      "left_arm": [
        -0.03067961575771294,
        0.1487961223704417
      ],
      "right_arm": [
        -0.05072011239980513,
        -0.03221356357509286
      ]
    },
    {
      "head": [
        [
          0.9594365212060795,
          -0.25361176578187766,
          -0.12313664780630729,
          -0.0018232305756599653
        ],
        [
          0.24707871948723642,
          0.9667477488267046,
          -0.06596132590425101,
          -0.0007835982651123157
        ],
        [
          0.13577064540070533,
          0.03286125979778182,
          0.9901951673543852,
          0.003768019707132475
        ],
        [
          0.0,
          0.0,
          0.0,
          1.0
        ]
      ],
      "body_yaw": 0.3140723397810006,
      "check_collision": false,
      "left_arm": [
        -0.03067961575771294,
        0.1487961223704417
      ],
      "right_arm": [
        -0.0515241422020251,
        -0.03221356357509286
      ]
    },
    {
      "head": [
        [
          0.9594179813164273,
          -0.2537410213933351,
          -0.12301476004520462,
          -0.0017983974555819638
        ],
        [
          0.24717114038120228,
          0.9667032151113525,
          -0.06626704502262634,
          -0.0007686799033901001
        ],
        [
          0.13573343173061014,
          0.03317209603931978,
          0.9901899047935151,
          0.003756395432863213
        ],
        [
          0.0,
          0.0,
          0.0,
          1.0
        ]
      ],
      "body_yaw": 0.3140723397810006,
      "check_collision": false,
      "left_arm": [
        -0.03067961575771294,
        0.1489755405159959
      ],
      "right_arm": [
        -0.05215532757599739,
        -0.03221356357509286
      ]
    },
    {
      "head": [
        [
          0.9594149596215592,
          -0.2538093903632546,
          -0.12289722786863189,
          -0.0017844586100885318
        ],
        [
          0.24721644810810092,
          0.9666778232022638,
          -0.06646814209639819,
          -0.000751085282428645
        ],
        [
          0.1356722633377067,
          0.03338831370952086,
          0.9901910206967433,
          0.0037577022507711
        ],
        [
          0.0,
          0.0,
          0.0,
          1.0
        ]
      ],
      "body_yaw": 0.3140723397810006,
      "check_collision": false,
      "left_arm": [
        -0.03067961575771294,
        0.14978978390654712
      ],
      "right_arm": [
        -0.05215532757599739,
        -0.03221356357509286
      ]
    },
    {
      "head": [
        [
          0.959398595812324,
          -0.253822046300706,
          -0.12299879334799951,
          -0.0018444795210714937
        ],
        [
          0.24723254428122504,
          0.9666771122808467,
          -0.06641859408777015,
          -0.0009965425746197212
        ],
        [
          0.13575862183144655,
          0.033312601280688865,
          0.9901817344277468,
          0.0038074807909705966
        ],
        [
          0.0,
          0.0,
          0.0,
          1.0
        ]
      ],
      "body_yaw": 0.3140723397810006,
      "check_collision": false,
      "left_arm": [
        -0.03067961575771294,
        0.15033010315832662
      ],
      "right_arm": [
        -0.051875226019766726,
        -0.03221356357509286
      ]
    },
    {
      "head": [
        [
          0.9593417300588919,
          -0.25407833312078015,
          -0.1229131628678483,
          -0.0018439967220881355
        ],
        [
          0.24750327320685356,
          0.9666126417966171,
          -0.06634855289196973,
          -0.0010288342300279144
        ],
        [
          0.13566714679503628,
          0.03322952538828659,
          0.990197063176297,
          0.003817009384240566
        ],
        [
          0.0,
          0.0,
          0.0,
          1.0
        ]
      ],
      "body_yaw": 0.3140723397810006,
      "check_collision": false,
      "left_arm": [
        -0.03067961575771294,
        0.15033010315832662
      ],
      "right_arm": [
        -0.051076396032778734,
        -0.03221356357509286
      ]
    },
    {
      "head": [
        [
          0.9592972139542313,
          -0.25423099528496523,
          -0.1229449321284365,
          -0.0018421669637771502
        ],
        [
          0.24763865712545002,
          0.9665692629645741,
          -0.06647522387494376,
          -0.0010246713185332011
        ],
        [
          0.13573485476013028,
          0.03332357916755173,
          0.990184623327746,
          0.0038143215407844266
        ],
        [
          0.0,
          0.0,
          0.0,
          1.0
        ]
      ],
      "body_yaw": 0.3140723397810006,
      "check_collision": false,
      "left_arm": [
        -0.03067961575771294,
        0.15066757959116833
      ],
      "right_arm": [
        -0.05062134678811203,
        -0.03221356357509286
      ]
    },
    {
      "head": [
        [
          0.9593296796347275,
          -0.2541370415725262,
          -0.12288584081453298,
          -0.001838459361273143
        ],
        [
          0.24750521546631282,
          0.9665829326185955,
          -0.06677276905602479,
          -0.0010409913720233251
        ],
        [
          0.13574879037731688,
          0.033642212638279906,
          0.9901719383217722,
          0.003768661634520054
        ],
        [
          0.0,
          0.0,
          0.0,
          1.0
        ]
      ],
      "body_yaw": 0.3140723397810006,
      "check_collision": false,
      "left_arm": [
        -0.03067961575771294,
        0.15147142437870972
      ],
      "right_arm": [
        -0.05062134678811203,
        -0.03221356357509286
      ]
    },
    {
      "head": [
        [
          0.9593486694093357,
          -0.2541230636702282,
          -0.12276644090872177,
          -0.0018223982269809048
        ],
        [
          0.24748943900419526,
          0.9665840552660605,
          -0.06681498100580734,
          -0.001054753943938582
        ],
        [
          0.1356433119763973,
          0.033715465535490055,
          0.9901839017575469,
          0.003751517716980901
        ],
        [
          0.0,
          0.0,
          0.0,
          1.0
        ]
      ],
      "body_yaw": 0.3140723397810006,
      "check_collision": false,
      "left_arm": [
        -0.03025462419342258,
        0.15186408394621242
      ],
      "right_arm": [
        -0.05062134678811203,
        -0.03221356357509286
      ]
    },
    {
      "head": [
        [
          0.9593813710396297,
          -0.25410367932060757,
          -0.12255082642663065,
          -0.0018070660931420327
        ],
        [
          0.2474669112069283,
          0.9665845640980048,
          -0.06689101812031602,
          -0.0010698931985649307
        ],
        [
          0.13545299095930877,
          0.033846722192850814,
          0.9902054769778732,
          0.0037350688039876623
        ],
        [
          0.0,
          0.0,
          0.0,
          1.0
        ]
      ],
      "body_yaw": 0.3140723397810006,
      "check_collision": false,
      "left_arm": [
        -0.029464940656480455,
        0.15186408394621242
      ],
      "right_arm": [
        -0.05062134678811203,
        -0.03221356357509286
      ]
    },
    {
      "head": [
        [
          0.9593800890584734,
          -0.2541777242141027,
          -0.12240722703948113,
          -0.001771471619631205
        ],
        [
          0.24754562066173305,
          0.9665639850650258,
          -0.06689714841765423,
          -0.0011122033361319807
        ],
        [
          0.1353181821092527,
          0.03387841921571699,
          0.9902228245713643,
          0.003782427473449812
        ],
        [
          0.0,
          0.0,
          0.0,
          1.0
        ]
      ],
      "body_yaw": 0.3140723397810006,
      "check_collision": false,
      "left_arm": [
        -0.02914563496982714,
        0.15186408394621242
      ],
      "right_arm": [
        -0.05062134678811203,
        -0.03221356357509286
      ]
    },
    {
      "head": [
        [
          0.9593860080645907,
          -0.2541736083676685,
          -0.1223693766399425,
          -0.0017694309052926549
        ],
        [
          0.24753762281578578,
          0.9665634206023012,
          -0.06693488809499001,
          -0.0011187862725902942
        ],
        [
          0.13529084529486385,
          0.033925370490801646,
          0.9902249524307409,
          0.003782805917850296
        ],
        [
          0.0,
          0.0,
          0.0,
          1.0
        ]
      ],
      "body_yaw": 0.3140723397810006,
      "check_collision": false,
      "left_arm": [
        -0.02914563496982714,
        0.15186408394621242
      ],
      "right_arm": [
        -0.05062134678811203,
        -0.03221356357509286
      ]
    },
    {
      "head": [
        [
          0.9593386962014263,
          -0.2543324334737214,
          -0.12241029063719741,
          -0.00173781214342011
        ],
        [
          0.24767843469420753,
          0.9665183254081752,
          -0.06706504035340932,
          -0.0012165364399864369
        ],
        [
          0.13536860403348797,
          0.034019699197851666,
          0.9902110891666044,
          0.00389038343645276
        ],
        [
          0.0,
          0.0,
          0.0,
          1.0
        ]
      ],
      "body_yaw": 0.3140723397810006,
      "check_collision": false,
      "left_arm": [
        -0.02914563496982714,
        0.15186408394621242
      ],
      "right_arm": [
        -0.05119490314494665,
        -0.03221356357509286
      ]
    },
    {
      "head": [
        [
          0.959324691131906,
          -0.2543141551688401,
          -0.12255793513857766,
          -0.001767210530105384
        ],
        [
          0.24759009958280193,
          0.9665079954517832,
          -0.06753841363515768,
          -0.0010257182190949801
        ],
        [
          0.1356291988225652,
          0.034447136434463524,
          0.990160651216869,
          0.003829594243210055
        ],
        [
          0.0,
          0.0,
          0.0,
          1.0
        ]
      ],
      "body_yaw": 0.3140723397810006,
      "check_collision": false,
      "left_arm": [
        -0.02914563496982714,
        0.15186408394621242
      ],
      "right_arm": [
        -0.051993652331103965,
        -0.03221356357509286
      ]
    },
    {
      "head": [
        [
          0.9592552656071636,
          -0.25453364336951967,
          -0.12264566766897347,
          -0.0017697588542151315
        ],
        [
          0.24776127197813766,
          0.9664401726321662,
          -0.06788037146689856,
          -0.0010047628501113869
        ],
        [
          0.1358075384973361,
          0.03472775713671987,
          0.9901264037341635,
          0.003839515463447407
        ],
        [
          0.0,
          0.0,
          0.0,
          1.0
        ]
      ],
      "body_yaw": 0.3140723397810006,
      "check_collision": false,
      "left_arm": [
        -0.02914563496982714,
        0.15186408394621242
      ],
      "right_arm": [
        -0.05215532757599739,
        -0.03221356357509286
      ]
    },
    {
      "head": [
        [
          0.9592146902109057,
          -0.25470708496255773,
          -0.12260293207535028,
          -0.0017651628921216264
        ],
        [
          0.24791245291936456,
          0.9663885461525851,
          -0.06806315855583721,
          -0.0009839374863697768
        ],
        [
          0.13581823799144355,
          0.03489238792300682,
          0.9901191481301279,
          0.0038483745693329574
        ],
        [
          0.0,
          0.0,
          0.0,
          1.0
        ]
      ],
      "body_yaw": 0.3140723397810006,
      "check_collision": false,
      "left_arm": [
        -0.02914563496982714,
        0.15186408394621242
      ],
      "right_arm": [
        -0.05215532757599739,
        -0.03221356357509286
      ]
    },
    {
      "head": [
        [
          0.9592215143027987,
          -0.25471666252738795,
          -0.12252962225337394,
          -0.001731867509623809
        ],
        [
          0.2478664445328981,
          0.9663703371247534,
          -0.0684879347039339,
          -0.0008294741470819857
        ],
        [
          0.13585401051594137,
          0.035324118620275805,
          0.9900989316580617,
          0.0037474129138738155
        ],
        [
          0.0,
          0.0,
          0.0,
          1.0
        ]
      ],
      "body_yaw": 0.3140723397810006,
      "check_collision": false,
      "left_arm": [
        -0.02914563496982714,
        0.15186408394621242
      ],
      "right_arm": [
        -0.05215532757599739,
        -0.03221356357509286
      ]
    },
    {
      "head": [
        [
          0.9592200575962104,
          -0.25481308351070237,
          -0.12234040042802802,
          -0.0017132922343511539
        ],
        [
          0.24792807108645606,
          0.9663325988200447,
          -0.0687966570775594,
          -0.0008092504296712318
        ],
        [
