{
  "description": "resigned1: official head/body + arm clip sad_drop",
  "time": [
    0.0,
    0.009872674942016602,
    0.02000570297241211,
    0.030048608779907227,
    0.0401461124420166,
    0.05021047592163086,
    0.06019115447998047,
    0.07029390335083008,
    0.08036041259765625,
    0.09051060676574707,
    0.10043764114379883,
    0.11046576499938965,
    0.12061500549316406,
    0.13065719604492188,
    0.14072918891906738,
    0.15087366104125977,
    0.16077733039855957,
    0.17084646224975586,
    0.18084216117858887,
    0.1909351348876953,
    0.20104074478149414,
    0.2110133171081543,
    0.22117853164672852,
    0.23118948936462402,
    0.2412281036376953,
    0.25127077102661133,
    0.26139187812805176,
    0.2713956832885742,
    0.2814748287200928,
    0.2915618419647217,
    0.3015866279602051,
    0.31174397468566895,
    0.3219139575958252,
    0.33178019523620605,
    0.3418083190917969,
    0.35189342498779297,
    0.3619840145111084,
    0.37197446823120117,
    0.382016658782959,
    0.3920881748199463,
    0.4021577835083008,
    0.4121668338775635,
    0.4222855567932129,
    0.43235278129577637,
    0.4424290657043457,
    0.45247912406921387,
    0.46254754066467285,
    0.47255730628967285,
    0.48268866539001465,
    0.4927103519439697,
    0.5027370452880859,
    0.5127370357513428,
    0.5229263305664062,
    0.5329372882843018,
    0.5429413318634033,
    0.5530436038970947,
    0.5630834102630615,
    0.5731921195983887,
    0.583259105682373,
    0.5932910442352295,
    0.603356122970581,
    0.6134583950042725,
    0.6235535144805908,
    0.6335358619689941,
    0.6435513496398926,
    0.6536850929260254,
    0.6637656688690186,
    0.6737532615661621,
    0.6838274002075195,
    0.6938560009002686,
    0.7039687633514404,
    0.7139968872070312,
    0.7240204811096191,
    0.7340779304504395,
    0.7441227436065674,
    0.7543468475341797,
    0.7642016410827637,
    0.7742769718170166,
    0.7844264507293701,
    0.7944896221160889,
    0.8044743537902832,
    0.8145205974578857,
    0.8246147632598877,
    0.834679126739502,
    0.844679594039917,
    0.8547775745391846,
    0.8648402690887451,
    0.8749351501464844,
    0.8849508762359619,
    0.8949816226959229,
    0.9050395488739014,
    0.9151325225830078,
    0.9251585006713867,
    0.9352099895477295,
    0.9452650547027588,
    0.9554376602172852,
    0.965463399887085,
    0.9754674434661865,
    0.9856181144714355,
    0.9957473278045654,
    1.0057125091552734,
    1.0157928466796875,
    1.0258033275604248,
    1.0358707904815674,
    1.0458018779754639,
    1.0560011863708496,
    1.066133975982666,
    1.0760791301727295,
    1.0861108303070068,
    1.0961766242980957,
    1.1062963008880615,
    1.1162891387939453,
    1.1263041496276855,
    1.136357069015503,
    1.1464202404022217,
    1.156620740890503,
    1.166529655456543,
    1.17659592628479,
    1.1867082118988037,
    1.1967906951904297,
    1.2068040370941162,
    1.2168784141540527,
    1.2269163131713867,
    1.2370967864990234,
    1.247018575668335,
    1.2571580410003662,
    1.2671635150909424,
    1.2772316932678223,
    1.2873337268829346,
    1.297285795211792,
    1.3073678016662598,
    1.317420244216919,
    1.327509880065918,
    1.3375794887542725,
    1.347604751586914,
    1.3577382564544678,
    1.367748737335205,
    1.3777387142181396,
    1.3878939151763916,
    1.3979361057281494,
    1.4079349040985107,
    1.4180207252502441,
    1.4280779361724854,
    1.438241720199585,
    1.448242425918579,
    1.45831298828125,
    1.468353509902954,
    1.4783837795257568,
    1.4885306358337402,
    1.4985218048095703,
    1.5085620880126953,
    1.5186622142791748,
    1.5287106037139893,
    1.5387682914733887,
    1.548827886581421,
    1.5588712692260742,
    1.569021224975586,
    1.5790560245513916,
    1.589284896850586,
    1.5991873741149902,
    1.6092941761016846,
    1.6195034980773926,
    1.6293878555297852,
    1.6394460201263428,
    1.649712324142456,
    1.659747838973999,
    1.6696488857269287,
    1.6797094345092773,
    1.689777135848999,
    1.6998181343078613,
    1.7099924087524414,
    1.719966173171997,
    1.729980230331421,
    1.7400562763214111,
    1.7500886917114258,
    1.7601778507232666,
    1.7702279090881348,
    1.7803406715393066,
    1.7904572486877441,
    1.800428867340088,
    1.8104472160339355,
    1.820603370666504,
    1.8306400775909424,
    1.840653896331787,
    1.8507275581359863,
    1.8608033657073975,
    1.87095308303833,
    1.8809385299682617,
    1.8910338878631592,
    1.9010334014892578,
    1.9110805988311768,
    1.9213075637817383,
    1.931215524673462,
    1.941300630569458,
    1.9513249397277832,
    1.9614696502685547,
    1.9714722633361816,
    1.9815185070037842,
    1.9917702674865723,
    2.0017194747924805,
    2.011855363845825,
    2.02193021774292,
    2.0317933559417725,
    2.041872501373291,
    2.0520377159118652,
    2.0621085166931152,
    2.0720839500427246,
    2.0821778774261475,
    2.092251777648926,
    2.102324962615967,
    2.1125411987304688,
    2.1227126121520996,
    2.1327340602874756,
    2.1428768634796143,
    2.1528806686401367,
    2.1628897190093994,
    2.1729238033294678,
    2.1830670833587646,
    2.1930298805236816,
    2.2030444145202637,
    2.2130911350250244,
    2.2233331203460693,
    2.233320713043213,
    2.243314027786255,
    2.2534632682800293,
    2.2634341716766357,
    2.273529529571533,
    2.283588171005249,
    2.2935991287231445,
    2.303697347640991,
    2.313768148422241,
    2.3238365650177,
    2.3338496685028076,
    2.3441498279571533,
    2.3542368412017822,
    2.364006280899048,
    2.374086380004883,
    2.384385108947754,
    2.3944337368011475,
    2.4042868614196777,
    2.414299964904785,
    2.4244346618652344,
    2.4344899654388428,
    2.4445102214813232,
    2.4546358585357666,
    2.4646382331848145,
    2.474777936935425,
    2.4848220348358154,
    2.494856834411621,
    2.5049164295196533,
    2.5149729251861572,
    2.525073766708374,
    2.535114049911499,
    2.545295476913452,
    2.5553553104400635,
    2.5653598308563232,
    2.5753514766693115,
    2.585442066192627,
    2.5955259799957275,
    2.605644702911377,
    2.61574125289917,
    2.625718355178833,
    2.6357674598693848,
    2.645813226699829,
    2.6558997631073,
    2.6659200191497803,
    2.6759328842163086,
    2.686368703842163,
    2.696251153945923,
    2.7061450481414795,
    2.71622371673584,
    2.726311206817627,
    2.7364134788513184,
    2.746420383453369,
    2.7565510272979736,
    2.766547679901123,
    2.776664972305298,
    2.7867391109466553,
    2.7967307567596436,
    2.80682635307312,
    2.8168411254882812,
    2.8269002437591553,
    2.8369548320770264,
    2.846951961517334,
    2.8570873737335205,
    2.867154359817505,
    2.877167224884033,
    2.887331008911133,
    2.89731764793396,
    2.907465696334839,
    2.9174602031707764,
    2.927525520324707,
    2.9375741481781006,
    2.9476265907287598,
    2.9577860832214355,
    2.967745065689087,
    2.9777793884277344,
    2.9880025386810303,
    2.9980053901672363,
    3.008047580718994,
    3.018217086791992,
    3.0281264781951904,
    3.038274049758911,
    3.048328161239624,
    3.0586626529693604,
    3.0689914226531982,
    3.078972816467285,
    3.089122772216797,
    3.099079132080078,
    3.10907244682312,
    3.119318962097168,
    3.129220962524414,
    3.1392781734466553,
    3.1494152545928955,
    3.1594793796539307,
    3.169524669647217,
    3.1795237064361572,
    3.1896958351135254,
    3.1997385025024414,
    3.2097034454345703,
    3.2198727130889893,
    3.229832172393799,
    3.239927291870117,
    3.2499818801879883,
    3.260082960128784,
    3.2701356410980225,
    3.280381441116333,
    3.2905867099761963,
    3.300313711166382,
    3.310324192047119,
    3.320479154586792,
    3.3305349349975586,
    3.3405492305755615,
    3.35060453414917,
    3.3606550693511963,
    3.370793342590332,
    3.380769968032837,
    3.3908255100250244,
    3.400831937789917,
    3.410884380340576,
    3.4210262298583984,
    3.4309780597686768,
    3.4410784244537354,
    3.4511892795562744,
    3.4612157344818115,
    3.4713046550750732,
    3.4813668727874756,
    3.4914798736572266,
    3.501513719558716,
    3.5115277767181396,
    3.5216286182403564,
    3.5321547985076904,
    3.54178786277771,
    3.551839828491211,
    3.561892509460449,
    3.5718936920166016,
    3.5820083618164062,
    3.5921552181243896,
    3.6020901203155518,
    3.6122236251831055,
    3.622513771057129,
    3.6323060989379883,
    3.6423416137695312,
    3.6524441242218018,
    3.662539005279541,
    3.67261004447937,
    3.682668685913086,
    3.692707061767578,
    3.702805280685425,
    3.7128305435180664,
    3.7230091094970703,
    3.732926607131958,
    3.742966413497925,
    3.7531180381774902,
    3.7631611824035645,
    3.773146390914917,
    3.7832298278808594,
    3.793297052383423,
    3.803356647491455,
    3.8134586811065674,
    3.823521375656128,
    3.8335556983947754,
    3.8436107635498047,
    3.853745937347412,
    3.863675355911255,
    3.8737363815307617,
    3.88383412361145,
    3.893942356109619,
    3.903984308242798,
    3.9139935970306396,
    3.924137592315674,
    3.934156656265259,
    3.944167375564575,
    3.9543285369873047,
    3.96435809135437,
    3.9745585918426514,
    3.984658718109131,
    3.9946072101593018,
    4.0050740242004395,
    4.014842748641968,
    4.02474570274353,
    4.034878969192505,
    4.044778347015381,
    4.0549986362457275,
    4.065075397491455,
    4.075058460235596,
    4.085168361663818,
    4.0951457023620605,
    4.105211019515991,
    4.115908861160278,
    4.1255717277526855,
    4.13544487953186,
    4.14543080329895,
    4.155660152435303,
    4.165568828582764,
    4.1755897998809814,
    4.185698509216309,
    4.195758819580078,
    4.205835342407227,
    4.215904235839844,
    4.225920677185059,
    4.2360007762908936,
    4.246006965637207,
    4.256190299987793,
    4.266220808029175,
    4.276217699050903,
    4.286405086517334,
    4.296385049819946,
    4.306398630142212,
    4.316496849060059,
    4.326580286026001,
    4.336670875549316,
    4.3467700481414795,
    4.356781959533691,
    4.366804361343384,
    4.376964330673218,
    4.386993408203125,
    4.396979570388794,
    4.407045125961304,
    4.41712498664856,
    4.42716646194458,
    4.437315225601196,
    4.447279691696167,
    4.457429647445679,
    4.467459201812744,
    4.477463483810425,
    4.487620115280151,
    4.497601747512817,
    4.507736682891846,
    4.517756700515747,
    4.52774977684021,
    4.537884712219238,
    4.547992706298828,
    4.558049440383911,
    4.568080425262451,
    4.578078269958496,
    4.588227987289429,
    4.598267555236816,
    4.6082940101623535,
    4.618484258651733,
    4.62842059135437,
    4.638559341430664,
    4.64858078956604,
    4.658596754074097,
    4.6687352657318115,
    4.678776025772095,
    4.688921928405762,
    4.698851585388184,
    4.70889949798584,
    4.719019174575806,
    4.729060649871826,
    4.739068269729614,
    4.749156951904297
  ],
  "set_target_data": [
    {
      "head": [
        [
          0.9866973936013299,
          -0.1612744493141914,
          0.020464736957662343,
          -0.014367315679300626
        ],
        [
          0.16163446989219268,
          0.9866981253521592,
          -0.017352451388909753,
          -0.009051041178456861
        ],
        [
          -0.017394010549952786,
          0.020429425467665952,
          0.9996399786783484,
          0.003289577630340655
        ],
        [
          0.0,
          0.0,
          0.0,
          1.0
        ]
      ],
      "body_yaw": 0.05574017466824588,
      "check_collision": false,
      "left_arm": [
        -0.14112623248547917,
        -0.03988351453949246
      ],
      "right_arm": [
        0.04448546206079795,
        -0.1748737768484574
      ]
    },
    {
      "head": [
        [
          0.9864310769207875,
          -0.16286722586655508,
          0.020688093760131844,
          -0.014370277211801905
        ],
        [
          0.16324124583540786,
          0.9864239747884733,
          -0.017889595317201128,
          -0.00911901549664683
        ],
        [
          -0.01749360291647801,
          0.021024002973787433,
          0.9996259126072907,
          0.003316526536390583
        ],
        [
          0.0,
          0.0,
          0.0,
          1.0
        ]
      ],
      "body_yaw": 0.05574017466824588,
      "check_collision": false,
      "left_arm": [
        -0.14112623248547917,
        -0.03988351453949246
      ],
      "right_arm": [
        0.04448546206079795,
        -0.1748737768484574
      ]
    },
    {
      "head": [
        [
          0.9861668646868921,
          -0.16443034832833353,
          0.020918306390528444,
          -0.014431333572163965
        ],
        [
          0.16481587634579042,
          0.9861551810869171,
          -0.018267066535130407,
          -0.00909455105031538
        ],
        [
          -0.017625036113274855,
          0.021462044731401096,
          0.9996142949847973,
          0.003328800255815499
        ],
        [
          0.0,
          0.0,
          0.0,
          1.0
        ]
      ],
      "body_yaw": 0.05574017466824588,
      "check_collision": false,
      "left_arm": [
        -0.14112623248547917,
        -0.03988351453949246
      ],
      "right_arm": [
        0.04448546206079795,
        -0.1748737768484574
      ]
    },
    {
      "head": [
        [
          0.9859132511740996,
          -0.16589197332565048,
          0.0213287211393182,
          -0.0144459962856387
        ],
        [
          0.16628965495753867,
          0.9859042843039066,
          -0.01845244821980567,
          -0.009103681492484979
        ],
        [
          -0.017966964502104162,
          0.021739258895453112,
          0.9996022172890859,
          0.003315758466446715
        ],
        [
          0.0,
          0.0,
          0.0,
          1.0
        ]
      ],
      "body_yaw": 0.05574017466824588,
      "check_collision": false,
      "left_arm": [
        -0.14112623248547917,
        -0.03988351453949246
      ],
      "right_arm": [
        0.04448546206079795,
        -0.1748737768484574
      ]
    },
    {
      "head": [
        [
          0.9857364266470728,
          -0.16691675864233513,
          0.02150564729079907,
          -0.014469300823109564
        ],
        [
          0.16732784631265907,
          0.9857185722064603,
          -0.01898126064370304,
          -0.009089740389308886
        ],
        [
          -0.01803022544026996,
          0.022309013684909635,
          0.9995885247835627,
          0.003329230739068321
        ],
        [
          0.0,
          0.0,
          0.0,
          1.0
        ]
      ],
      "body_yaw": 0.05574017466824588,
      "check_collision": false,
      "left_arm": [
        -0.14112623248547917,
        -0.03988351453949246
      ],
      "right_arm": [
        0.04448546206079795,
        -0.1748737768484574
      ]
    },
    {
      "head": [
        [
          0.9856117989104759,
          -0.16763029498128176,
          0.021667165318613943,
          -0.014483184130795131
        ],
        [
          0.1680464323618117,
          0.9855947774711483,
          -0.019061248439300797,
          -0.009089778093324069
        ],
        [
          -0.018159802282038402,
          0.022428081194925408,
          0.9995835146474712,
          0.003353883973002512
        ],
        [
          0.0,
          0.0,
          0.0,
          1.0
        ]
      ],
      "body_yaw": 0.05574017466824588,
      "check_collision": false,
      "left_arm": [
        -0.14112623248547917,
        -0.03988351453949246
      ],
      "right_arm": [
        0.04448546206079795,
        -0.1748737768484574
      ]
    },
    {
      "head": [
        [
          0.9855495745269113,
          -0.1679715149822076,
          0.02185420564574239,
          -0.014475839186883797
        ],
        [
          0.1683907534571147,
          0.9855371590268172,
          -0.019001640126460086,
          -0.009098596217253565
        ],
        [
          -0.018346397465704573,
          0.02240710449683951,
          0.9995805777265274,
          0.003377643568594822
        ],
        [
          0.0,
          0.0,
          0.0,
          1.0
        ]
      ],
      "body_yaw": 0.05574017466824588,
      "check_collision": false,
      "left_arm": [
        -0.14112623248547917,
        -0.03988351453949246
      ],
      "right_arm": [
        0.04448546206079795,
        -0.1748737768484574
      ]
    },
    {
      "head": [
        [
          0.9854311290028913,
          -0.16867239340277784,
          0.02179710292368477,
          -0.014467188178500217
        ],
        [
          0.16909194442873027,
          0.9854154011667073,
          -0.01908930257418325,
          -0.009039385627780255
        ],
        [
          -0.018259362568237538,
          0.022496907503834217,
          0.9995801542804688,
          0.0033519329149865867
        ],
        [
          0.0,
          0.0,
          0.0,
          1.0
        ]
      ],
      "body_yaw": 0.05574017466824588,
      "check_collision": false,
      "left_arm": [
        -0.14112623248547917,
        -0.03988351453949246
      ],
      "right_arm": [
        0.04448546206079795,
        -0.1748737768484574
      ]
    },
    {
      "head": [
        [
          0.985273775813917,
          -0.16960032888165144,
          0.021709793564713854,
          -0.014441872957639034
        ],
        [
          0.17002708583941822,
          0.9852445237315904,
          -0.01959639093981325,
          -0.009030710890204538
        ],
        [
          -0.01806590087269191,
          0.02299906302757909,
          0.9995722416741628,
          0.0033877697406148304
        ],
        [
          0.0,
          0.0,
          0.0,
          1.0
        ]
      ],
      "body_yaw": 0.05574017466824588,
      "check_collision": false,
      "left_arm": [
        -0.14112623248547917,
        -0.03988351453949246
      ],
      "right_arm": [
        0.04448546206079795,
        -0.1748737768484574
      ]
    },
    {
      "head": [
        [
          0.9849583153119863,
          -0.1714037742051446,
          0.021860084309209143,
          -0.014430101284460066
        ],
        [
          0.17185375535799433,
          0.9849051378092625,
          -0.020691937711883084,
          -0.008971755635372065
        ],
        [
          -0.017983433129649205,
          0.024137433690216873,
          0.9995468875584186,
          0.003386137446520608
        ],
        [
          0.0,
          0.0,
          0.0,
          1.0
        ]
      ],
      "body_yaw": 0.05574017466824588,
      "check_collision": false,
      "left_arm": [
        -0.14112623248547917,
        -0.03988351453949246
      ],
      "right_arm": [
        0.04448546206079795,
        -0.1748737768484574
      ]
    },
    {
      "head": [
        [
          0.9845954726491728,
          -0.17349037780572593,
          0.02174497752536077,
          -0.014389454831133252
        ],
        [
          0.17396096606540515,
          0.9845063475968318,
          -0.022018942461824238,
          -0.008935565152100516
        ],
        [
          -0.017587993755483696,
          0.02546252835781706,
          0.9995210463643496,
          0.0034146165075947792
        ],
        [
          0.0,
          0.0,
          0.0,
          1.0
        ]
      ],
      "body_yaw": 0.05574017466824588,
      "check_collision": false,
      "left_arm": [
        -0.14112623248547917,
        -0.03988351453949246
      ],
      "right_arm": [
        0.04448546206079795,
        -0.1748737768484574
      ]
    },
    {
      "head": [
        [
          0.9843156930256283,
          -0.17504513182056786,
          0.021950359664417295,
          -0.014375644878637227
        ],
        [
          0.1755398978045099,
          0.9842012904367747,
          -0.023099008233464453,
          -0.008905638036023358
        ],
        [
          -0.01756020336611966,
          0.026589880189791304,
          0.999492179823951,
          0.0033951585543038326
        ],
        [
          0.0,
          0.0,
          0.0,
          1.0
        ]
      ],
      "body_yaw": 0.05574017466824588,
      "check_collision": false,
      "left_arm": [
        -0.14112623248547917,
        -0.04027301624612797
      ],
      "right_arm": [
        0.04448546206079795,
        -0.1748737768484574
      ]
    },
    {
      "head": [
        [
          0.9840266920391177,
          -0.17667261735128867,
          0.021869056513642994,
          -0.014334250320632945
        ],
        [
          0.1771781055819037,
          0.9838897430595385,
          -0.023851465461130872,
          -0.008899521627066392
        ],
        [
          -0.017302839563480873,
          0.02734519666195273,
          0.9994762888445928,
          0.0034202992041151275
        ],
        [
          0.0,
          0.0,
          0.0,
          1.0
        ]
      ],
      "body_yaw": 0.05574017466824588,
      "check_collision": false,
      "left_arm": [
        -0.14112623248547917,
        -0.04087294220619713
      ],
      "right_arm": [
        0.04448546206079795,
        -0.1748737768484574
      ]
    },
    {
      "head": [
        [
          0.9838154936608259,
          -0.17787455908639757,
          0.02162673490671295,
          -0.014366854409381978
        ],
        [
          0.17838556042881157,
          0.9836536901944767,
          -0.024576606708158442,
          -0.008853488817579002
        ],
        [
          -0.016901664515792406,
          0.02803674368767419,
          0.9994639937186268,
          0.00338145166919168
        ],
        [
          0.0,
          0.0,
          0.0,
          1.0
        ]
      ],
      "body_yaw": 0.05574017466824588,
      "check_collision": false,
      "left_arm": [
        -0.14112623248547917,
        -0.04136845098238928
      ],
      "right_arm": [
        0.04448546206079795,
        -0.1748737768484574
      ]
    },
    {
      "head": [
        [
          0.9836733498772898,
          -0.17870123290653836,
          0.02127463510553274,
          -0.014344986422637398
        ],
        [
          0.179202971165383,
          0.983503979233246,
          -0.02462149381880225,
          -0.008872615470955497
        ],
        [
          -0.016523796981606085,
          0.028031985125095027,
          0.9994704457577807,
          0.0034065942768989315
        ],
        [
          0.0,
          0.0,
          0.0,
          1.0
        ]
      ],
      "body_yaw": 0.05574017466824588,
      "check_collision": false,
      "left_arm": [
        -0.14112623248547917,
        -0.040773099973950344
      ],
      "right_arm": [
        0.04448546206079795,
        -0.1748737768484574
      ]
    },
    {
      "head": [
        [
          0.9835339772146664,
          -0.17950030066705253,
          0.020989466995075135,
          -0.014380647799211038
        ],
        [
          0.18000111245729744,
          0.9833469731209202,
          -0.025066510887219808,
          -0.008739044226592885
        ],
        [
          -0.016140482596098692,
          0.028431892556801296,
          0.9994654132621114,
          0.0033443994562507556
        ],
        [
          0.0,
          0.0,
          0.0,
          1.0
        ]
      ],
      "body_yaw": 0.05574017466824588,
      "check_collision": false,
      "left_arm": [
        -0.14112623248547917,
        -0.04017346474947245
      ],
      "right_arm": [
        0.04448546206079795,
        -0.1748737768484574
      ]
    },
    {
      "head": [
        [
          0.9834204199676044,
          -0.18017566174862826,
          0.02051849176192144,
          -0.014369882215643422
        ],
        [
          0.18066465130901171,
          0.9832225288874749,
          -0.025174241905400314,
          -0.008773157848556274
        ],
        [
          -0.015638457664787667,
          0.028463829706529217,
          0.9994724853843171,
          0.0033703859911177175
        ],
        [
          0.0,
          0.0,
          0.0,
          1.0
        ]
      ],
      "body_yaw": 0.05574017466824588,
      "check_collision": false,
      "left_arm": [
        -0.14112623248547917,
        -0.04017896744969159
      ],
      "right_arm": [
        0.04448546206079795,
        -0.1748737768484574
      ]
    },
    {
      "head": [
        [
          0.9832368976819452,
          -0.1812070197469611,
          0.020229162889462606,
          -0.014353609029299918
        ],
        [
          0.18169051888514906,
          0.9830285188289246,
          -0.02536703601636847,
          -0.008862719952327694
        ],
        [
          -0.01528915903603752,
          0.02861725289811897,
          0.9994735086296864,
          0.003457129271346891
        ],
        [
          0.0,
          0.0,
          0.0,
          1.0
        ]
      ],
      "body_yaw": 0.05574017466824588,
      "check_collision": false,
      "left_arm": [
        -0.14112623248547917,
        -0.040774152647646285
      ],
      "right_arm": [
        0.04448546206079795,
        -0.1748737768484574
      ]
    },
    {
      "head": [
        [
          0.9830960913691353,
          -0.18199309404492015,
          0.02001471595314738,
          -0.014348365294459884
        ],
        [
          0.18247573893501984,
          0.982873639633613,
          -0.02572961743774687,
          -0.008904692756565111
        ],
        [
          -0.014989324029015223,
          0.028946886418597197,
          0.9994685577504785,
          0.0034733729881156732
        ],
        [
          0.0,
          0.0,
          0.0,
          1.0
        ]
      ],
      "body_yaw": 0.05574017466824588,
      "check_collision": false,
      "left_arm": [
        -0.14112623248547917,
        -0.04136499723420775
      ],
      "right_arm": [
        0.04448546206079795,
        -0.1748737768484574
      ]
    },
    {
      "head": [
        [
          0.9829303669722305,
          -0.18292123633848967,
          0.01969047943130362,
          -0.014374397360905492
        ],
        [
          0.18339477575954877,
          0.9827016978448356,
          -0.025762943872585098,
          -0.008886684647485446
        ],
        [
          -0.0146372780236285,
          0.028934310934866987,
          0.9994741396068151,
          0.003483930791391641
        ],
        [
          0.0,
          0.0,
          0.0,
          1.0
        ]
      ],
      "body_yaw": 0.05574017466824588,
      "check_collision": false,
      "left_arm": [
        -0.14112623248547917,
        -0.0408734518137469
      ],
      "right_arm": [
        0.04448546206079795,
        -0.1748737768484574
      ]
    },
    {
      "head": [
        [
          0.9826342572682014,
          -0.18456211011193965,
          0.019150560148413428,
          -0.014364638445479005
        ],
        [
          0.18502367818339352,
          0.9823887514126536,
          -0.026049560636891397,
          -0.008940437114752555
        ],
        [
          -0.014005532994419196,
          0.029140497746526526,
          0.9994772015592084,
          0.0034971005842483454
        ],
        [
          0.0,
          0.0,
          0.0,
          1.0
        ]
      ],
      "body_yaw": 0.05574017466824588,
      "check_collision": false,
      "left_arm": [
        -0.14112623248547917,
        -0.0402761684584232
      ],
      "right_arm": [
        0.04448546206079795,
        -0.1748737768484574
      ]
    },
    {
      "head": [
        [
          0.9824318756070921,
          -0.18571135111895043,
          0.0184093415608829,
          -0.014373417271787625
        ],
        [
          0.18615533162284986,
          0.9821663286627617,
          -0.02637224581826538,
          -0.009118820365787558
        ],
        [
          -0.013183410010999994,
          0.029335932006434216,
          0.9994826665799642,
          0.00350142306483525
        ],
        [
          0.0,
          0.0,
          0.0,
          1.0
        ]
      ],
      "body_yaw": 0.05574017466824588,
      "check_collision": false,
      "left_arm": [
        -0.14112623248547917,
        -0.03988351453949246
      ],
      "right_arm": [
        0.04448546206079795,
        -0.17467695636241418
      ]
    },
    {
      "head": [
        [
          0.9820616322688158,
          -0.1877155781310428,
          0.017827286737961218,
          -0.014366371385648708
        ],
        [
          0.18814575082087112,
          0.9817787950086441,
          -0.026675346659891304,
          -0.009163912775383887
        ],
        [
          -0.012495073971761668,
          0.029550962730562028,
          0.9994851743413391,
          0.003521721888475325
        ],
        [
          0.0,
          0.0,
          0.0,
          1.0
        ]
      ],
      "body_yaw": 0.05574017466824588,
      "check_collision": false,
      "left_arm": [
        -0.14112623248547917,
        -0.03988351453949246
      ],
      "right_arm": [
        0.04448546206079795,
        -0.17407598487512566
      ]
    },
    {
      "head": [
        [
          0.9817327640407568,
          -0.18948045219988796,
          0.01726088766611054,
          -0.014324382238616283
        ],
        [
          0.18989441204371743,
          0.9814397347444086,
          -0.026761153551296595,
          -0.009138524992880221
        ],
        [
          -0.011869805536190244,
          0.029550047359542232,
          0.9994928225943307,
          0.0034691206233395926
        ],
        [
          0.0,
          0.0,
          0.0,
          1.0
        ]
      ],
      "body_yaw": 0.05574017466824588,
      "check_collision": false,
      "left_arm": [
        -0.14112623248547917,
        -0.03988351453949246
      ],
      "right_arm": [
        0.04448546206079795,
        -0.17348413311183272
      ]
    },
    {
      "head": [
        [
          0.9813794978662979,
          -0.191350897769948,
          0.016706737872143038,
          -0.014327532953547474
        ],
        [
          0.1917501332466852,
          0.981073517378841,
          -0.026956258972415173,
          -0.009170955617016165
        ],
        [
          -0.011232433733258801,
          0.02965783910780355,
          0.9994969959994298,
          0.003472261322613022
        ],
        [
          0.0,
          0.0,
          0.0,
          1.0
        ]
      ],
      "body_yaw": 0.05574017466824588,
      "check_collision": false,
      "left_arm": [
        -0.14112623248547917,
        -0.03988351453949246
      ],
      "right_arm": [
        0.04448546206079795,
        -0.17333979606057204
      ]
    },
    {
      "head": [
        [
          0.9811023404632994,
          -0.1927598320606163,
          0.016788230442768143,
          -0.014325445470843707
        ],
        [
          0.1931655031518107,
          0.9807848451147404,
          -0.027352805804209592,
          -0.00912214846161227
        ],
        [
          -0.01119311974135483,
          0.030078808773253998,
          0.9994848569804536,
          0.0034895428610722794
        ],
        [
          0.0,
          0.0,
          0.0,
          1.0
        ]
      ],
      "body_yaw": 0.05574017466824588,
      "check_collision": false,
      "left_arm": [
        -0.14112623248547917,
        -0.03988351453949246
      ],
      "right_arm": [
        0.04448546206079795,
        -0.17333979606057204
      ]
    },
    {
      "head": [
        [
          0.9809576562883598,
          -0.19351624901381737,
          0.016538982340818433,
          -0.014313860498251368
        ],
        [
          0.19391455521931045,
          0.9806360652919532,
          -0.027387090440803938,
          -0.009142257600519975
        ],
        [
          -0.010918875553126735,
          0.030072725455768216,
          0.9994880736358573,
          0.003500436508190095
        ],
        [
          0.0,
          0.0,
          0.0,
          1.0
        ]
      ],
      "body_yaw": 0.05574017466824588,
      "check_collision": false,
      "left_arm": [
        -0.14112623248547917,
        -0.03988351453949246
      ],
      "right_arm": [
        0.04448546206079795,
        -0.17333979606057204
      ]
    },
    {
      "head": [
        [
          0.9807879868354753,
          -0.19440317287072564,
          0.0161966433871282,
          -0.014366349958889163
        ],
        [
          0.19479030403777045,
          0.9804640569229294,
          -0.027330761700018972,
          -0.008976510773699455
        ],
        [
          -0.010567039892420258,
          0.02996063183621177,
          0.9994952217033789,
          0.0034547786126152263
        ],
        [
          0.0,
          0.0,
          0.0,
          1.0
        ]
      ],
      "body_yaw": 0.05574017466824588,
      "check_collision": false,
      "left_arm": [
        -0.14112623248547917,
        -0.03988351453949246
      ],
      "right_arm": [
        0.04448546206079795,
        -0.17333979606057204
      ]
    },
    {
      "head": [
        [
          0.9806316173954694,
          -0.19519336740813,
          0.016161073114740052,
          -0.014360179194981492
        ],
        [
          0.1955798351529219,
          0.980305105758222,
          -0.027393935568235373,
          -0.008997515672784596
        ],
        [
          -0.010495667958786401,
          0.030024139358781118,
          0.999494068021348,
          0.0034595259024178242
        ],
        [
          0.0,
          0.0,
          0.0,
          1.0
        ]
      ],
      "body_yaw": 0.05574017466824588,
      "check_collision": false,
      "left_arm": [
        -0.14112623248547917,
        -0.03988351453949246
      ],
      "right_arm": [
        0.04448546206079795,
        -0.17333979606057204
      ]
    },
    {
      "head": [
        [
          0.9805071287266677,
          -0.19582371053782027,
          0.01608865772479867,
          -0.014422154010543808
        ],
        [
          0.1962066125811669,
          0.9801830105267939,
          -0.027280598491503206,
          -0.008726758761423644
        ],
        [
          -0.010427640941729703,
          0.029905522330009444,
          0.9994983361859886,
          0.0033041446417291214
        ],
        [
          0.0,
          0.0,
          0.0,
          1.0
        ]
      ],
      "body_yaw": 0.05574017466824588,
      "check_collision": false,
      "left_arm": [
        -0.14112623248547917,
        -0.03988351453949246
      ],
      "right_arm": [
        0.04448546206079795,
        -0.17333979606057204
      ]
    },
    {
      "head": [
        [
          0.9804429678070904,
          -0.19615042126846943,
          0.016018711365976084,
          -0.01442061866696502
        ],
        [
          0.1965303896414503,
          0.9801201118762609,
          -0.027209782120503817,
          -0.008746735876266584
        ],
        [
          -0.01036305095057392,
          0.029825803121920277,
          0.9995013900156058,
          0.0033110269893952254
        ],
        [
          0.0,
          0.0,
          0.0,
          1.0
        ]
      ],
      "body_yaw": 0.05574017466824588,
      "check_collision": false,
      "left_arm": [
        -0.14112623248547917,
        -0.03988351453949246
      ],
      "right_arm": [
        0.04448546206079795,
        -0.17333979606057204
      ]
    },
    {
      "head": [
        [
          0.9803875763095006,
          -0.1964442464263011,
          0.015806905579075794,
          -0.01435998258770335
        ],
        [
          0.19681687646313495,
          0.9800651516609176,
          -0.027118547880697733,
          -0.00899285041385725
        ],
        [
          -0.010164514611047492,
          0.029697753212411793,
          0.9995072416430291,
          0.0033899814179842985
        ],
        [
          0.0,
          0.0,
          0.0,
          1.0
        ]
      ],
      "body_yaw": 0.05574017466824588,
      "check_collision": false,
      "left_arm": [
        -0.14112623248547917,
        -0.03988351453949246
      ],
      "right_arm": [
        0.04448546206079795,
        -0.17333979606057204
      ]
    },
    {
      "head": [
        [
          0.9803831301077929,
          -0.19648353101099345,
          0.015592954867452963,
          -0.01434837930032062
        ],
        [
          0.19684618933518636,
          0.9800691883429065,
          -0.026757499978369036,
          -0.009031376934991724
        ],
        [
          -0.010024766544035668,
          0.029302015328786297,
          0.9995203329364587,
          0.0033940085218924203
        ],
        [
          0.0,
          0.0,
          0.0,
          1.0
        ]
      ],
      "body_yaw": 0.05574017466824588,
      "check_collision": false,
      "left_arm": [
        -0.14112623248547917,
        -0.03988351453949246
      ],
      "right_arm": [
        0.04448546206079795,
        -0.17333979606057204
      ]
    },
    {
      "head": [
        [
          0.9804030501790058,
          -0.1963973731397603,
          0.015425012917458143,
          -0.014267510456128304
        ],
        [
          0.19675294405287486,
          0.980093949539382,
          -0.026535430707298684,
          -0.00919903841240317
        ],
        [
          -0.009906472945921941,
          0.029050333906812796,
          0.9995288589598974,
          0.0035231686814470847
        ],
        [
          0.0,
          0.0,
          0.0,
          1.0
        ]
      ],
      "body_yaw": 0.05574017466824588,
      "check_collision": false,
      "left_arm": [
        -0.14112623248547917,
        -0.03988351453949246
      ],
      "right_arm": [
        0.04448546206079795,
        -0.17333979606057204
      ]
    },
    {
      "head": [
        [
          0.9804771058358582,
          -0.19603765399276726,
          0.015293238661293302,
          -0.014246446931958572
        ],
        [
          0.19638446922248817,
          0.9801815838523712,
          -0.026023122888283363,
          -0.009237278616038876
        ],
        [
          -0.009888638932674228,
          0.028518430771505874,
          0.9995443531561718,
          0.0035362212230237704
        ],
        [
          0.0,
          0.0,
          0.0,
          1.0
        ]
      ],
      "body_yaw": 0.05574017466824588,
      "check_collision": false,
      "left_arm": [
        -0.14112623248547917,
        -0.03988351453949246
      ],
      "right_arm": [
        0.04448546206079795,
        -0.17333979606057204
      ]
    },
    {
      "head": [
        [
          0.9806616561800726,
          -0.19512273497028157,
          0.015160290098623335,
          -0.014175086559382632
        ],
        [
          0.19546175750183606,
          0.980377458605125,
          -0.025587888018548704,
          -0.00941060892233485
        ],
        [
          -0.009870027986312264,
          0.02805631758933481,
          0.9995576149431686,
          0.003578814642968829
        ],
        [
          0.0,
          0.0,
          0.0,
          1.0
        ]
      ],
      "body_yaw": 0.05574017466824588,
      "check_collision": false,
      "left_arm": [
        -0.14112623248547917,
